Age,Experience,Skill,RushFactor,WorkStart,WorkDuration,WorkEnd,HomeLat,HomeLng,WorkLat,WorkLng,Distance,ToWork,ToHome
70,48,1.299,1.025,7,5,12,59.8391,30.3908,59.9317,30.2458,13.091,18.009,18.016
41,14,1.429,1.426,12,9,21,59.8313,30.1984,59.9599,30.3028,15.434,18.656,18.134
21,2,0.789,2.394,9,6,15,60.0207,30.2478,59.9281,30.2479,10.294,15.707,14.449
81,43,1.344,0.553,10,11,21,59.8342,30.4248,60.0191,30.3119,21.500,23.968,24.196
75,34,1.216,0.973,11,10,21,59.8802,30.3906,59.8989,30.2741,6.826,11.562,11.810
34,11,1.126,1.408,8,9,17,60.0128,30.4232,59.9143,30.4750,11.334,13.271,13.702
46,19,1.281,0.637,10,7,17,59.8756,30.3939,59.9949,30.1433,19.256,26.092,24.853
83,43,1.156,0.780,9,8,17,59.8686,30.3649,59.9912,30.3237,13.818,16.472,16.574
57,35,1.841,1.044,10,9,19,59.8267,30.1817,59.9612,30.2909,16.139,18.905,18.952
76,32,0.612,0.822,10,12,22,59.9720,30.4014,60.0068,30.1172,16.273,17.972,18.655
49,29,1.426,0.795,10,8,18,59.8591,30.3783,59.9332,30.2974,9.390,11.457,11.801
56,30,0.911,0.605,9,8,17,59.8507,30.2683,59.9881,30.2550,15.298,22.094,21.323
73,54,1.459,1.058,15,6,21,59.8543,30.4699,59.9459,30.3614,11.847,13.706,13.433
35,12,0.513,1.266,7,7,14,59.9114,30.3052,60.0361,30.4241,15.362,17.649,17.809
42,20,0.959,1.010,8,10,18,60.0109,30.4141,59.8656,30.4051,16.160,28.366,27.403
27,5,0.961,1.016,9,5,14,59.9432,30.3886,59.8803,29.9146,27.336,41.816,47.406
58,35,1.193,1.096,8,7,15,59.8435,30.2560,59.9370,30.2893,10.562,15.253,14.744
38,14,1.126,0.890,11,7,18,60.0063,30.6080,60.0494,30.3558,14.805,22.033,26.992
33,12,1.110,0.747,11,9,20,59.9086,30.2498,60.1072,30.4937,25.913,32.385,31.490
52,27,1.256,0.902,9,9,18,59.8625,30.2509,60.0261,30.6492,28.687,50.315,51.632
78,30,1.366,0.808,7,6,13,59.8763,29.8898,60.0152,30.3290,28.935,70.265,54.663
51,27,1.072,1.220,10,9,19,59.8665,30.4469,59.9751,30.3424,13.408,15.653,15.526
25,4,0.864,1.094,11,7,18,59.9855,30.2814,60.0382,30.4760,12.304,16.269,16.013
61,38,0.972,0.908,7,10,17,59.9635,30.2872,59.9236,30.2878,4.439,6.210,5.771
31,7,0.826,1.084,9,6,15,59.8349,30.5188,59.9519,30.3290,16.774,18.855,19.318
51,24,1.891,1.116,8,10,18,59.9879,30.2265,59.9391,30.4887,15.574,19.346,19.005
54,26,0.786,0.876,7,9,16,60.0012,30.2830,59.8751,30.4378,16.463,19.302,19.645
31,8,1.143,1.046,14,7,21,59.8858,29.9006,59.9039,30.4813,32.450,59.171,52.223
61,28,1.640,0.610,9,8,17,59.7313,30.3482,59.8787,30.5247,19.140,26.359,25.640
83,43,1.281,0.735,8,8,16,60.0358,30.4308,59.9388,30.4889,11.262,20.336,20.262
43,18,1.253,0.923,12,5,17,59.8601,30.1905,60.0150,30.3910,20.524,25.082,25.369
41,14,1.112,0.978,9,6,15,59.8385,30.4887,59.9435,30.2815,16.424,19.041,18.601
28,6,1.357,1.539,10,8,18,59.8530,30.2112,59.9336,30.3606,12.237,14.037,14.424
28,6,0.820,1.222,9,8,17,59.8064,30.3847,60.0202,30.6449,27.844,41.049,42.657
49,34,0.621,1.107,8,8,16,59.9893,29.7929,59.9660,30.3075,28.746,47.150,47.977
46,23,1.501,0.977,10,8,18,59.8271,30.1949,60.0224,30.3271,22.924,26.448,26.654
39,14,0.809,1.168,11,7,18,59.8913,30.4836,60.0061,30.4446,12.948,22.653,22.661
52,29,1.452,0.950,11,12,23,59.8876,30.4857,59.9600,30.3060,12.854,15.585,15.880
31,8,1.261,1.524,17,10,3,59.9264,30.4116,60.0515,30.3359,14.533,17.398,17.858
46,19,1.368,1.149,15,9,0,60.0194,30.2254,59.9531,30.3608,10.538,12.635,12.381
49,24,1.291,1.085,11,8,19,59.9048,29.7661,59.8760,29.9125,8.770,11.010,10.653
29,6,1.378,1.513,9,9,18,59.8829,30.4663,59.9960,30.1429,21.970,27.469,27.778
20,1,0.577,2.670,9,6,15,60.0535,30.3372,59.9328,30.3533,13.444,14.950,14.584
44,15,1.441,0.892,8,10,18,60.0553,30.0059,60.0108,29.7177,16.753,20.639,21.095
81,47,1.507,0.679,11,7,18,59.8617,30.4999,59.9395,30.2758,15.197,18.635,18.480
25,3,0.536,1.413,8,10,18,59.7324,30.4068,60.0416,30.3231,34.699,53.147,53.850
34,12,1.171,0.980,11,8,19,59.9045,30.4726,59.9337,30.3562,7.257,8.744,9.754
33,10,1.488,1.244,10,8,18,59.7401,30.5629,59.9693,30.4310,26.529,39.063,39.958
20,1,0.567,2.205,8,11,19,59.9385,30.3709,59.8335,30.3538,11.722,13.226,13.183
32,9,1.648,1.397,10,9,19,59.8442,30.2299,59.9879,30.2898,16.330,20.985,20.632
39,13,1.472,1.024,7,6,13,59.8935,30.4708,59.8502,30.2586,12.786,15.131,14.722
27,6,1.317,1.164,9,10,19,59.8653,30.4506,59.9957,30.2020,20.047,24.618,24.347
41,17,1.230,1.137,13,10,23,59.8516,30.1542,59.9929,30.4410,22.409,26.971,48.609
61,39,1.260,0.669,9,8,17,59.8661,30.3924,60.0219,30.3172,17.817,19.786,20.048
35,13,1.089,0.799,11,10,21,60.0399,30.3560,59.8806,29.9121,30.401,73.475,75.881
37,15,1.459,1.348,14,5,19,59.8339,30.1399,59.9433,30.2813,14.492,18.172,18.288
41,16,1.088,0.908,7,10,17,59.8567,30.1914,59.9673,30.4049,17.112,20.900,21.294
26,5,0.598,1.242,9,12,21,60.0695,30.3895,59.9333,30.4179,15.229,21.169,19.215
40,13,1.430,0.754,11,7,18,60.0500,30.3388,59.9392,30.2367,13.563,17.979,16.853
34,9,1.151,0.869,9,7,16,59.8544,30.2094,59.8818,30.3692,9.428,11.862,12.584
40,16,1.535,0.753,7,6,13,59.8504,30.4179,59.9887,30.2950,16.841,19.556,19.553
49,24,0.904,0.804,10,12,22,59.8361,30.5070,59.9507,30.3045,17.025,19.212,19.015
29,7,0.934,0.906,10,7,17,59.8828,30.4647,60.1126,30.4863,25.580,34.008,34.038
29,7,0.797,0.891,10,4,14,59.9856,30.2932,59.9327,30.3542,6.792,8.049,8.720
25,3,0.892,1.665,9,5,14,59.9370,30.4949,60.0587,30.3603,15.469,23.394,23.018
48,28,1.403,0.930,9,7,16,59.9410,30.5023,60.0161,30.3124,13.466,16.775,16.626
37,16,1.427,1.046,7,9,16,60.0177,30.2714,59.9256,30.2845,10.261,13.387,13.553
25,4,0.955,1.124,7,6,13,59.8400,30.1613,60.0934,30.3828,30.763,56.835,59.067
77,40,1.477,0.742,9,9,18,59.8323,30.1724,59.9594,30.3199,16.351,18.914,19.737
54,31,1.415,1.345,10,8,18,59.9316,30.4667,59.8744,30.4496,6.426,9.058,8.649
32,8,1.064,0.799,8,8,16,59.9322,30.2471,60.0720,30.2333,15.571,22.634,23.227
48,30,0.939,1.238,8,8,16,60.0405,30.3435,59.9426,30.2770,11.497,14.838,14.003
41,15,1.819,0.871,11,12,23,60.0131,30.3279,59.9515,30.3068,6.943,8.149,8.619
45,23,1.582,0.964,9,10,19,59.8683,30.2641,60.0169,30.3206,16.818,19.602,19.870
68,45,1.316,0.834,9,4,13,59.8641,30.4001,60.0267,30.2716,19.445,22.786,22.890
60,24,1.155,0.887,10,11,21,59.8901,30.4835,60.0031,30.3443,14.764,25.197,17.822
43,19,1.420,0.994,10,8,18,60.0621,30.3227,59.9082,30.3459,17.171,18.616,18.794
42,16,1.325,1.369,10,9,19,59.8299,30.5094,59.9685,30.3499,17.796,19.966,19.832
28,5,0.862,0.783,11,11,22,60.0140,30.2676,60.0112,30.0149,14.047,17.899,17.719
30,7,1.183,1.032,8,11,19,59.8384,30.4057,59.8518,30.1407,14.876,17.353,17.403
28,6,0.859,1.118,7,8,15,60.0125,30.2437,59.8975,30.4169,16.021,19.076,20.328
38,16,1.006,1.026,11,8,19,59.9467,30.4869,59.8491,30.3243,14.136,27.994,29.920
76,37,1.066,0.847,9,8,17,59.9001,30.4936,60.0259,30.6474,16.391,20.978,28.680
78,44,1.399,0.558,8,5,13,59.9517,30.4742,60.0256,30.3192,11.905,14.130,14.255
25,3,0.532,1.569,8,8,16,59.8954,30.4735,59.8441,30.1736,17.686,32.120,32.762
40,19,1.585,0.749,9,10,19,59.8552,30.3418,59.9586,30.2940,11.810,13.876,14.995
21,2,0.333,2.692,8,7,15,60.0083,30.7022,60.0350,30.3570,19.410,29.788,39.539
65,47,1.369,0.446,11,6,17,60.0485,30.3795,59.9460,30.3683,11.409,14.432,13.514
38,13,1.027,0.871,11,7,18,59.8538,30.2005,59.7395,30.0914,14.101,15.177,15.798
32,10,0.997,0.889,7,9,16,59.9837,30.3478,59.9210,30.4741,9.905,12.926,12.954
68,38,1.008,0.861,9,9,18,59.8318,30.2051,59.5806,30.1238,28.303,32.264,32.425
77,41,1.407,0.893,9,6,15,60.0097,30.0067,59.9348,30.3581,21.256,24.291,25.371
40,19,1.031,0.712,7,7,14,59.7237,30.4120,60.0513,30.4392,36.450,53.493,55.363
60,36,1.042,0.850,8,8,16,60.0049,30.2014,60.1080,30.3125,13.013,25.992,27.403
43,17,1.004,0.582,10,12,22,60.0651,30.4576,59.9349,30.3139,16.540,20.581,21.534
47,20,0.855,0.755,8,8,16,59.9446,30.4821,59.9336,30.3574,7.055,9.214,8.772
84,37,1.295,0.893,8,5,13,59.8366,30.3959,59.9712,30.3188,15.569,18.113,17.838
40,17,1.213,1.020,10,6,16,59.8336,30.1433,60.0005,30.2584,19.643,28.286,27.944
62,42,0.765,0.799,11,7,18,59.8873,30.9900,59.9364,30.3280,37.302,45.207,46.328
71,32,1.069,0.959,8,7,15,60.0650,30.4539,59.9441,30.3604,14.415,18.840,19.534
64,37,1.088,1.057,13,9,22,60.0046,30.1999,59.9305,30.3361,11.187,14.571,14.538
71,42,1.102,0.775,8,9,17,60.0146,30.3931,59.8615,30.3261,17.422,20.153,20.192
43,23,0.843,0.976,10,6,16,59.8702,30.4017,60.0055,30.3878,15.067,20.348,20.224
35,15,0.811,1.209,8,6,14,60.0082,30.0020,60.0281,30.2233,12.494,19.533,27.703
79,42,1.367,0.740,10,4,14,59.8530,30.2162,59.9080,30.2966,7.587,8.517,9.347
61,39,0.715,0.610,10,8,18,59.9310,30.4762,60.0203,30.3263,12.963,16.372,16.573
37,15,1.132,1.177,8,11,19,59.7093,30.7789,59.8401,30.3347,28.805,34.846,34.852
34,10,0.628,0.787,9,7,16,59.7089,30.4043,59.8665,30.4248,17.561,23.132,22.804
53,27,1.015,0.958,9,8,17,59.9376,30.2365,59.9006,30.5119,15.890,20.245,19.659
38,15,1.215,0.913,9,7,16,59.9506,30.5585,60.0388,30.3688,14.405,20.688,21.842
30,7,1.643,1.343,13,8,21,60.0788,30.3235,59.8345,30.3414,27.177,49.103,50.300
46,27,1.624,1.066,10,9,19,59.9226,30.2820,59.8505,30.1410,11.229,14.393,14.408
22,2,0.666,1.975,9,9,18,60.0516,30.4475,59.9301,30.3637,14.294,17.279,17.906
29,6,0.888,0.566,9,7,16,60.0247,30.3772,59.9207,30.3582,11.615,13.371,13.233
23,3,0.844,1.626,9,8,17,60.0450,30.3785,59.8857,30.3597,17.744,20.289,20.922
43,18,1.202,0.856,10,6,16,59.8603,30.1900,59.9868,30.2174,14.143,25.030,23.976
79,40,2.001,0.750,11,9,20,59.9648,30.2888,60.0766,30.3018,12.454,14.834,14.790
23,3,0.730,2.009,9,8,17,59.8284,30.4158,60.0032,30.3256,20.079,22.053,22.105
30,7,0.817,1.148,7,12,19,59.8498,30.2768,59.9663,30.3426,13.460,16.571,15.837
34,9,1.213,1.453,10,9,19,59.8494,30.1401,59.9661,30.3140,16.196,21.651,21.276
48,26,1.168,1.008,11,11,22,59.7366,30.5661,60.0376,30.4298,34.326,46.055,48.848
36,12,1.464,1.271,7,9,16,59.9114,30.4674,60.0178,30.3265,14.199,17.437,17.577
52,27,1.285,1.034,17,7,0,60.1105,30.4923,59.9859,30.3584,15.723,18.734,18.706
34,11,1.131,0.982,11,6,17,60.0098,30.6999,59.9127,30.3163,23.929,30.817,31.155
49,25,1.280,0.701,8,8,16,59.8536,30.1930,59.9263,30.3782,13.120,15.913,15.984
32,10,1.154,1.095,8,8,16,59.7356,30.3996,59.9307,30.3527,21.845,22.921,23.319
39,15,1.414,0.783,7,8,15,60.0047,30.1973,60.0978,29.9708,16.286,28.823,27.900
39,14,1.679,0.675,7,6,13,60.1106,30.4892,60.0061,30.2170,19.056,33.619,32.816
75,34,1.491,0.715,8,7,15,59.9491,30.5577,60.0110,30.3315,14.342,17.823,19.421
26,5,0.901,0.968,9,11,20,59.9325,30.2514,59.8828,29.8572,22.661,45.510,56.480
24,3,1.303,2.386,9,5,14,59.9357,30.2353,60.0520,30.4351,17.050,24.060,24.100
26,4,1.042,1.287,8,7,15,59.9477,30.3644,59.7522,30.5603,24.335,31.660,30.172
34,11,0.947,1.075,10,8,18,59.8732,30.3005,60.0326,30.2823,17.755,21.520,21.413
28,6,1.111,0.653,7,6,13,59.9989,30.3452,60.0689,30.3966,8.299,10.335,9.572
44,22,1.408,1.222,10,7,17,60.0053,30.4298,59.9152,30.2948,12.527,15.487,15.749
38,12,1.389,1.333,10,11,21,60.0258,30.2961,60.0167,30.2447,3.024,4.109,4.080
29,8,1.131,1.112,7,8,15,59.9956,29.7786,60.0726,30.3706,33.974,45.541,47.010
24,3,0.850,1.721,7,6,13,59.8302,30.2173,59.9341,30.3354,13.305,17.248,17.177
36,10,0.275,0.655,8,10,18,59.8632,30.3016,59.9480,30.3860,10.540,12.222,12.064
30,7,1.139,1.396,10,8,18,59.9313,30.2482,60.0146,30.3678,11.410,13.376,13.951
48,31,1.271,0.821,10,9,19,60.0080,30.6998,59.8294,30.2006,34.185,51.152,50.430
30,8,1.265,0.838,9,8,17,60.0361,30.4268,59.9359,30.3117,12.846,15.483,15.476
54,31,0.836,0.577,8,12,20,59.9841,30.2092,60.0936,29.9552,18.634,29.990,28.737
47,17,0.931,1.178,11,8,19,59.9147,30.4899,59.9980,30.3665,11.526,14.857,13.910
34,10,1.332,0.787,9,12,21,59.9320,30.2520,59.8780,29.8661,22.342,51.648,52.502
50,28,1.263,0.900,15,7,22,59.8271,30.1740,59.9368,30.2863,13.710,15.915,16.026
31,7,1.430,1.134,12,9,21,59.9240,30.3841,60.0111,30.3213,10.297,12.086,11.919
30,8,1.286,1.753,10,6,16,59.8150,30.2923,60.0366,30.4116,25.523,42.697,43.264
30,7,1.360,1.272,11,10,21,59.8402,30.4906,59.9361,30.2441,17.397,21.593,21.243
72,41,1.119,0.980,9,7,16,59.9168,30.4815,60.0218,30.3294,14.414,17.403,17.432
43,18,1.416,0.911,9,8,17,59.8891,30.3601,60.0226,30.3263,14.967,17.320,16.876
36,13,1.117,0.872,16,8,0,59.8296,30.1980,59.9333,30.3449,14.144,15.585,15.403
42,15,1.399,1.047,9,8,17,59.8305,30.5169,59.9896,30.2058,24.778,28.923,28.689
52,28,1.031,1.082,9,8,17,59.8572,30.1903,60.0083,30.3594,19.262,23.506,24.103
35,14,1.082,0.944,10,10,20,59.8980,30.3610,59.9369,30.2874,5.958,8.231,8.962
33,10,0.922,1.208,9,8,17,59.8769,30.2714,59.8536,30.1898,5.237,6.661,6.083
32,8,1.156,0.780,9,7,16,60.1015,29.9734,60.0036,29.7631,15.958,25.555,26.481
25,4,0.871,1.180,8,7,15,59.8353,30.5156,59.9308,30.3013,15.992,19.164,18.718
51,25,1.321,1.025,9,8,17,59.9492,30.2733,59.9131,30.5060,13.573,16.185,16.093
25,3,0.721,0.928,9,8,17,60.0128,30.2696,59.9278,30.2510,9.511,13.976,12.752
51,30,1.612,1.000,7,12,19,59.9040,30.4812,60.0130,30.3196,15.094,18.812,18.297
40,17,1.274,0.848,8,9,17,59.9391,30.4922,60.0023,30.3244,11.689,13.872,14.018
36,11,1.070,1.010,9,9,18,60.0039,30.3641,59.8790,30.2595,15.068,17.485,17.786
47,19,1.080,0.735,9,8,17,59.8605,30.1890,60.0260,30.2732,18.987,25.401,25.404
40,15,0.994,0.969,8,9,17,59.8883,30.2726,60.0135,30.3309,14.295,17.073,18.088
42,18,0.931,1.167,9,8,17,59.8496,30.3592,59.9395,30.4443,11.066,17.917,15.008
54,27,1.109,1.314,8,10,18,59.8846,30.2692,60.0369,30.3770,17.969,20.909,21.229
27,6,0.985,1.665,9,7,16,59.8300,30.1595,60.0172,30.3143,22.524,27.620,27.822
30,8,1.222,1.359,10,6,16,59.8337,30.1566,59.8566,30.3832,12.909,13.972,14.241
18,1,0.421,2.460,11,8,19,59.9300,30.3523,60.0098,30.3859,9.073,10.958,11.321
64,34,1.126,0.913,10,8,18,59.8487,30.1529,59.9506,30.3629,16.291,19.563,19.465
43,21,0.690,1.031,8,7,15,59.9672,30.3019,59.9289,30.3164,4.337,6.165,5.593
42,17,1.265,0.822,10,8,18,59.8465,30.2505,59.8818,29.9135,19.221,27.581,20.543
43,22,1.011,0.977,10,7,17,59.8469,30.2745,59.9991,30.2948,16.963,21.800,20.120
36,14,1.394,1.211,9,7,16,59.8489,30.4111,59.9910,30.3154,16.673,19.111,19.406
37,12,0.813,1.020,8,10,18,60.0009,30.2429,59.8669,30.2579,14.926,21.274,20.511
45,18,1.234,0.909,11,8,19,59.8611,30.3789,59.7407,30.0919,20.905,25.318,26.492
65,34,1.385,0.777,12,11,23,59.9017,30.4944,59.9273,30.2435,14.276,18.209,18.073
29,7,1.065,1.523,9,9,18,60.0312,30.4227,59.9509,30.3044,11.083,13.333,13.552
62,43,1.409,0.811,13,6,19,59.9918,30.3058,59.8520,30.3410,15.675,18.126,18.145
34,11,1.142,0.902,10,11,21,59.8328,30.3182,59.9504,30.2994,13.119,14.217,14.369
42,19,1.184,0.974,11,6,17,59.8357,30.5049,59.8529,30.0306,26.566,37.666,36.497
40,18,0.857,1.383,9,10,19,59.7377,30.4591,59.8626,30.3260,15.755,21.728,22.740
33,9,1.720,0.859,9,9,18,59.8683,30.2736,59.9485,30.3048,9.089,10.760,11.412
42,18,1.186,0.986,10,7,17,60.0396,30.4032,59.9347,30.2945,13.137,15.515,16.492
54,31,1.090,0.988,10,7,17,59.8342,30.4310,59.9592,30.2956,15.825,18.435,18.765
45,18,0.824,1.141,10,9,19,59.9766,30.4077,59.9431,30.2830,7.880,11.630,10.219
40,20,1.322,0.833,9,12,21,60.0073,30.6164,60.0391,30.3171,16.998,25.324,25.769
23,3,0.920,2.510,10,10,20,59.8517,30.2121,59.9947,30.4351,20.183,25.238,23.709
29,6,0.906,1.109,10,7,17,59.8553,30.3090,59.9251,30.4770,12.164,17.368,17.184
31,8,0.702,1.200,8,11,19,59.8303,30.3933,59.9310,30.2557,13.580,19.182,19.046
30,7,0.750,1.394,8,6,14,59.9440,30.2176,59.8583,30.3924,13.630,18.723,18.325
33,10,1.474,1.252,11,10,21,59.8971,30.4919,59.9990,30.2849,16.163,20.355,27.733
56,23,1.322,0.759,10,7,17,59.9837,30.2119,59.8888,30.4228,15.791,19.710,20.377
49,24,1.407,0.944,9,11,20,59.9934,29.7794,60.0138,30.3246,30.395,44.214,45.157
21,2,0.793,3.175,10,9,19,59.8292,30.2253,60.0062,30.3860,21.623,27.804,27.281
53,29,1.123,0.741,10,10,20,59.8780,30.2716,60.0178,30.3756,16.587,19.467,19.815
22,2,0.546,2.351,9,7,16,59.8507,30.1801,60.0599,30.3619,25.378,52.853,53.232
37,16,1.171,1.663,8,7,15,59.9927,30.6491,59.9358,30.4387,13.315,23.003,22.466
32,10,1.185,1.290,10,9,19,59.8582,30.1697,60.0661,30.3669,25.583,54.425,54.467
29,6,1.437,1.626,9,11,20,59.9408,30.4960,59.9398,30.2732,12.410,14.835,14.941
61,32,1.305,0.825,12,11,23,59.8549,30.2264,59.9644,30.3395,13.713,15.705,17.452
53,31,1.295,1.158,9,10,19,60.0501,30.3361,59.9424,30.2617,12.674,16.468,15.031
37,15,1.239,0.943,11,9,20,59.8326,30.1447,59.9262,30.3197,14.275,16.286,16.763
50,26,1.502,0.927,10,7,17,60.0864,29.9534,60.0727,30.2376,15.839,27.353,29.527
47,25,1.326,1.054,12,6,18,59.8474,30.2752,59.9669,30.3135,13.458,16.785,15.548
54,32,1.178,1.180,8,12,20,60.0607,30.3171,59.9235,30.3727,15.558,16.998,17.091
31,9,1.269,1.649,9,7,16,59.8550,30.3449,60.0035,29.7629,36.381,64.537,64.258
31,9,0.534,0.886,11,8,19,59.9898,29.7881,59.8768,29.9250,14.697,37.381,36.371
63,33,1.228,0.890,10,11,21,59.7397,30.6155,59.9399,30.2813,29.055,40.135,40.829
32,9,1.366,1.626,11,10,21,59.8714,30.2608,60.0196,30.3212,16.811,19.303,19.524
49,30,1.005,0.758,9,7,16,59.8325,30.4233,59.9483,30.3778,13.123,15.266,15.192
76,30,1.161,0.921,7,8,15,59.9302,30.4550,59.8494,30.3877,9.736,13.355,13.793
24,3,0.679,1.772,10,12,22,59.9153,30.4965,59.9324,30.2997,11.126,13.468,13.587
30,8,1.150,1.398,10,10,20,59.8361,30.2535,59.9325,30.3107,11.191,15.531,14.937
68,33,0.850,0.780,11,6,17,60.0097,30.2784,59.9318,30.3540,9.628,11.333,11.489
38,12,1.022,0.988,8,6,14,59.8379,30.5158,59.8524,30.3013,12.090,18.049,17.740
50,29,1.483,1.352,9,12,21,59.8108,30.3691,59.9423,30.2808,15.427,23.848,24.604
18,0,0.454,2.256,8,7,15,59.8547,30.2279,59.9414,30.3701,12.479,13.912,14.887
48,19,1.471,0.671,11,12,23,60.1093,30.4927,59.9882,30.2517,18.976,35.656,34.796
26,4,1.098,1.678,9,8,17,60.0536,30.3521,60.0402,30.3710,1.822,3.334,2.808
24,3,0.753,2.498,10,7,17,59.8344,30.5013,59.9304,30.3561,13.400,15.665,14.636
26,4,0.881,1.556,11,5,16,59.9264,30.3869,60.0326,30.2603,13.749,16.319,16.268
68,40,1.133,0.761,16,11,3,59.8294,30.4177,59.8733,29.9007,29.284,43.870,41.198
54,30,1.308,0.880,9,8,17,59.8518,30.3706,60.0295,29.9738,29.647,44.204,45.736
67,39,1.285,1.091,10,8,18,59.8831,30.4863,60.0256,30.3162,18.467,33.270,32.110
51,30,0.934,0.597,11,5,16,60.0473,30.3660,59.9226,30.2991,14.358,17.106,17.055
52,28,1.404,0.903,10,6,16,59.8590,30.1908,59.9382,30.4180,15.429,19.210,19.002
23,2,0.675,1.352,12,9,21,60.0349,30.3000,60.0908,29.9758,19.033,32.128,31.953
30,8,0.930,1.226,8,8,16,59.8469,30.1249,59.8791,29.8276,16.980,20.092,20.083
55,28,1.170,1.366,10,7,17,59.8310,30.5202,59.9047,30.3301,13.408,18.635,17.454
69,40,1.354,0.554,9,5,14,59.8439,30.2555,59.9685,30.3114,14.208,19.133,18.404
24,3,1.015,2.208,10,10,20,60.0440,30.3341,59.8721,30.3409,19.123,21.210,21.206
28,6,0.803,1.464,17,6,23,59.8578,30.3867,59.9322,30.2921,9.812,12.015,12.575
19,1,0.783,3.359,10,4,14,59.9137,30.5000,60.0393,30.3702,15.728,26.976,25.735
29,7,1.144,0.738,9,10,19,59.9308,30.4682,60.0240,30.3153,13.406,17.703,17.325
32,10,1.757,1.206,10,9,19,59.9150,30.4879,60.0382,30.3563,15.534,27.628,27.149
57,29,0.944,1.070,9,7,16,59.8818,30.4636,60.0123,30.3214,16.522,19.204,19.198
43,20,1.164,0.545,9,7,16,59.9283,30.4661,60.0289,30.3250,13.665,18.091,18.137
37,16,1.188,1.505,11,11,22,59.7205,30.0712,59.9258,30.4136,29.791,34.862,36.016
38,12,0.843,0.920,10,10,20,60.0362,30.4301,59.8980,30.4197,15.375,19.167,17.965
25,4,0.745,1.259,10,7,17,59.8470,30.1808,60.0000,30.4339,22.104,26.592,26.277
44,21,1.379,0.909,10,10,20,59.8520,30.3270,59.9683,30.3846,13.327,15.617,15.641
25,3,0.654,1.494,11,6,17,60.0583,30.3456,59.9499,30.4539,13.473,20.986,20.153
32,9,1.928,1.623,10,11,21,59.8317,30.4324,59.7588,30.5800,11.576,16.296,17.431
29,6,1.217,1.372,10,8,18,59.8733,30.4023,59.9885,30.2934,14.174,18.617,17.762
34,12,1.014,0.899,9,10,19,60.0048,30.2455,59.9141,30.5180,18.215,23.343,26.760
72,28,1.046,0.773,10,8,18,59.9920,30.2988,59.8483,30.3910,16.777,20.579,18.857
35,13,1.700,1.233,15,8,23,60.0252,30.4242,59.9361,30.2891,12.436,15.482,15.824
30,8,1.381,1.085,8,9,17,59.8725,30.3603,59.9849,30.2152,14.884,20.078,19.904
67,48,0.823,0.966,8,5,13,59.8615,30.3408,59.9914,30.3154,14.511,16.933,17.419
64,40,1.479,0.393,11,9,20,59.9293,30.3394,60.0733,30.3508,16.025,17.212,16.951
37,14,0.233,1.031,11,8,19,59.8335,30.3967,59.9657,30.3104,15.473,17.717,18.405
24,3,0.451,1.427,8,9,17,59.8325,30.4259,59.9333,30.3667,11.686,13.583,13.657
57,38,1.091,0.704,8,11,19,59.9314,30.4590,60.0144,30.2755,13.763,19.232,19.098
31,8,0.574,1.182,11,4,15,59.8687,30.3916,60.0011,30.3383,15.017,17.498,17.751
64,28,0.822,0.407,11,9,20,60.0397,30.3412,59.8850,30.2774,17.565,21.357,21.143
72,41,1.206,0.768,10,8,18,60.0237,30.3202,59.9337,30.3082,10.028,12.215,11.639
34,11,1.091,1.014,9,7,16,59.8577,30.3412,60.0079,30.3482,16.704,19.166,19.383
52,29,1.171,0.679,9,9,18,59.8386,30.2095,59.9327,30.3677,13.694,15.651,18.681
89,40,1.090,0.689,9,8,17,59.9547,30.2973,60.0490,30.3552,10.967,13.330,13.076
30,7,1.249,1.141,8,8,16,60.0169,30.3867,59.9588,30.2997,8.076,9.247,9.722
51,25,1.219,0.754,9,6,15,60.0497,30.3196,59.9139,30.4609,17.022,29.826,20.867
71,39,1.188,0.806,11,7,18,59.9003,29.7710,59.8545,30.3153,30.795,43.334,42.917
25,4,0.866,1.448,10,6,16,59.8357,30.5053,59.9331,30.2990,15.809,18.858,18.001
24,3,0.557,1.769,11,9,20,60.0447,30.3491,59.9319,30.2901,12.965,15.922,16.292
66,34,0.882,1.079,10,5,15,59.8656,30.4478,60.0016,30.3446,16.175,20.073,19.603
82,42,1.226,0.760,9,7,16,60.0443,30.4126,60.0214,30.6775,14.930,35.368,22.621
29,7,1.306,1.818,19,9,4,59.7047,30.7918,59.9134,30.5042,28.232,38.354,38.818
28,6,1.072,1.403,12,6,18,59.9627,30.3290,59.8537,30.3592,12.232,13.728,14.475
39,18,1.246,1.058,15,9,0,59.8558,30.2341,59.9840,30.2353,14.258,22.321,21.694
33,11,1.342,1.093,8,5,13,59.9355,30.2350,60.0683,30.3732,16.639,20.677,21.352
54,33,1.352,1.194,9,10,19,59.8523,30.4170,60.0012,30.3653,16.805,19.749,33.127
35,14,1.100,0.819,10,6,16,60.0255,30.4147,59.9274,30.2470,14.356,17.102,16.553
47,25,1.335,0.830,8,8,16,59.9537,30.4862,59.9494,30.3949,5.108,7.541,7.614
30,8,1.204,1.499,8,10,18,60.1430,30.2111,59.8526,30.2687,32.445,64.388,64.233
35,13,1.028,1.484,11,11,22,60.0496,30.3470,59.9310,30.3997,13.506,17.700,16.797
31,9,1.318,1.091,9,6,15,59.8645,30.3145,59.9400,30.3639,8.838,9.652,9.673
49,23,1.173,0.944,13,9,22,59.9000,30.4703,60.0064,30.3576,13.398,16.732,16.728
34,12,1.392,0.889,10,5,15,59.9912,30.6543,59.9359,30.3155,19.835,28.598,28.747
41,20,1.112,0.693,10,6,16,59.9523,30.3313,59.9950,30.1337,11.978,15.109,13.828
38,14,1.501,1.023,12,9,21,59.9128,30.4968,60.0431,30.3217,17.455,30.312,29.546
36,13,0.736,1.217,11,9,20,59.8457,30.2475,59.9526,30.4106,14.973,20.342,19.904
39,12,1.568,0.414,10,7,17,59.8632,30.4540,59.7460,30.5908,15.110,21.809,20.579
35,12,1.405,1.181,9,10,19,59.8590,30.3819,60.0152,30.3191,17.709,20.230,20.211
36,14,1.034,0.864,9,7,16,59.8471,30.3192,59.8975,30.4197,7.925,11.378,10.979
29,6,0.841,1.505,14,8,22,59.9141,30.4962,59.8488,30.0309,26.963,45.160,45.969
27,5,1.312,1.366,13,11,0,60.0253,30.3263,59.8769,30.2747,16.758,20.202,20.044
49,28,1.131,0.731,9,7,16,59.8574,30.2426,60.0229,30.2876,18.574,22.880,23.658
30,7,0.917,0.897,10,9,19,59.8461,30.3890,60.0916,30.3785,27.307,43.828,45.147
41,16,1.334,0.648,10,6,16,59.9571,30.4848,59.7512,30.5891,23.628,35.770,34.664
34,8,0.944,1.350,10,11,21,59.9376,30.4860,60.0481,30.3233,15.259,26.995,26.268
40,18,1.264,0.583,10,7,17,59.7304,30.4600,59.8984,30.4183,18.829,29.405,26.253
85,47,1.210,0.679,8,7,15,59.9503,30.2415,59.9352,30.4359,10.957,12.753,12.723
52,22,1.427,1.228,11,8,19,59.8298,30.2155,59.9396,30.2422,12.299,18.018,17.969
45,24,0.820,0.904,11,7,18,59.9922,30.6489,60.0308,30.4033,14.309,23.871,33.305
28,6,0.898,1.062,10,6,16,59.8697,30.4386,59.8782,29.9129,29.355,44.102,49.686
49,21,1.789,0.993,17,10,3,59.9499,30.4743,59.8238,30.3265,16.268,28.714,30.529
23,2,0.781,1.851,9,4,13,59.9373,30.4921,59.9383,30.3269,9.202,12.104,10.819
45,22,1.114,1.092,9,6,15,59.8949,30.4718,60.0073,30.2391,17.999,22.208,22.098
32,8,1.358,0.899,8,10,18,60.0155,30.3196,59.8499,30.3202,18.413,20.365,20.580
34,11,1.407,1.172,10,8,18,59.8330,30.2015,59.8748,30.4497,14.623,23.186,22.848
34,9,1.118,1.219,11,12,23,59.8527,30.3973,60.0341,30.4231,20.222,37.190,35.505
27,5,1.035,1.119,9,6,15,59.8672,30.2753,59.9535,30.3638,10.785,14.200,13.443
43,17,1.317,1.061,11,9,20,59.9183,30.3556,59.9872,29.7908,32.366,54.696,54.575
41,14,1.338,1.028,9,7,16,59.8435,30.2723,60.0085,30.3975,19.623,23.624,23.137
70,36,1.349,0.815,8,6,14,59.9140,30.2707,60.0529,30.3253,15.744,19.469,19.016
38,15,1.191,0.940,15,8,23,59.9370,31.0383,59.9667,30.3875,36.383,50.133,49.800
58,28,1.686,1.040,8,7,15,59.8477,30.2411,60.0171,30.3124,19.252,23.097,23.509
36,12,0.861,1.161,7,10,17,59.8545,30.2383,60.0160,30.2445,17.961,23.339,23.651
40,15,1.360,1.193,8,8,16,59.8775,30.3907,60.0476,30.3415,19.116,22.766,35.766
21,2,0.490,2.758,10,8,18,59.8946,30.4820,60.0079,30.2928,16.424,20.459,20.265
37,16,1.328,1.194,9,9,18,59.7297,30.4172,59.9282,30.3103,22.862,30.205,29.634
31,8,1.059,0.835,8,11,19,60.0045,30.3377,60.0187,30.6456,17.187,25.193,21.058
69,34,1.068,0.986,10,5,15,59.7783,30.1038,59.9330,30.2971,20.312,24.852,25.881
77,41,1.371,0.597,9,6,15,59.8393,30.4249,59.9743,30.4089,15.033,19.828,18.884
30,8,0.523,1.261,7,8,15,59.8284,30.4016,59.9441,30.2918,14.254,16.630,17.314
26,4,0.449,1.732,14,9,23,59.8361,30.1520,59.9855,30.3474,19.866,24.113,24.570
44,19,1.399,1.046,15,10,1,59.7310,30.4067,59.9854,30.3907,28.300,44.863,44.653
33,9,1.318,1.150,8,7,15,59.9157,30.4585,59.9967,30.3170,11.964,15.110,15.368
35,15,1.371,0.903,16,10,2,59.9346,30.2335,60.0181,30.2465,9.323,14.610,15.431
81,36,1.414,0.846,9,7,16,59.9370,30.2819,59.8365,30.1402,13.681,17.324,17.658
35,13,1.084,1.008,11,9,20,60.0118,30.4295,59.8917,30.4413,13.370,16.383,16.578
20,1,0.508,2.013,10,5,15,60.0418,30.3765,59.9343,30.3604,11.990,14.465,14.380
61,32,1.121,0.739,8,5,13,60.0020,30.3571,59.8799,30.5289,16.605,30.727,21.918
49,27,1.494,1.149,13,6,19,60.0579,30.3420,59.9457,30.2323,13.888,19.186,18.145
27,5,1.017,1.721,11,5,16,59.8710,30.3267,60.0176,30.3230,16.309,18.357,18.211
34,11,1.372,1.202,7,5,12,60.0153,30.2661,59.9503,30.4255,11.442,13.759,13.762
76,43,1.151,0.448,9,7,16,59.9380,30.2853,59.9295,30.3607,4.305,6.023,5.143
35,13,1.508,1.081,9,10,19,59.8453,30.3979,60.0114,30.3285,18.866,21.755,21.580
29,7,0.999,1.168,12,5,17,59.8298,30.1692,59.9344,30.2973,13.655,16.167,15.984
42,16,0.958,0.853,10,6,16,59.8525,30.3325,59.9602,30.3076,12.054,13.840,14.421
25,4,0.622,1.119,9,6,15,59.8944,30.4128,59.9993,30.3334,12.474,14.734,14.642
23,3,0.681,2.169,8,11,19,59.9868,30.2000,59.8878,30.3606,14.178,18.909,20.113
31,8,0.859,1.185,8,10,18,60.0479,30.3233,59.9531,30.3069,10.580,11.961,12.813
78,38,0.778,0.551,10,8,18,60.0479,30.3944,59.9767,30.2427,11.562,15.426,14.832
32,10,1.349,0.720,8,9,17,59.8375,30.2027,59.9965,30.3155,18.764,21.636,22.936
31,9,1.043,1.165,9,6,15,59.8629,30.3825,59.9965,30.2991,15.566,19.909,17.750
29,7,0.776,1.822,10,10,20,60.0260,30.4137,59.8613,30.3323,18.865,21.593,21.626
48,20,1.181,0.583,9,9,18,59.9869,30.3106,59.8409,30.2546,16.534,22.056,21.420
84,31,1.457,0.554,10,6,16,59.9882,30.3014,59.8400,30.2709,16.558,21.624,19.813
32,9,1.616,1.290,11,9,20,60.0336,30.3356,59.9194,30.3487,12.719,14.904,14.460
46,28,0.945,1.018,7,10,17,59.8729,30.3266,59.9955,30.3087,13.664,15.561,15.950
40,15,1.583,0.616,8,10,18,59.8413,30.4895,59.9271,30.2825,14.979,28.745,27.982
78,40,1.403,0.703,11,6,17,60.0094,30.2462,59.9760,30.4356,11.168,13.278,13.112
52,16,1.375,0.817,7,12,19,59.9151,30.4576,59.9677,30.3174,9.756,12.838,12.599
49,19,1.055,0.965,7,7,14,59.9391,31.0405,60.0277,30.4066,36.614,56.930,57.766
40,17,1.447,1.016,10,5,15,59.9121,30.2678,60.0093,30.4125,13.484,16.778,16.864
41,17,0.686,1.102,11,8,19,59.9490,30.4666,60.0228,30.2841,13.054,16.563,16.676
44,22,1.130,1.190,10,10,20,59.7041,30.0112,59.8533,30.2503,21.308,25.762,25.708
25,4,0.778,1.601,9,9,18,60.0058,30.6066,59.9345,30.3480,16.435,20.276,20.009
39,15,1.626,0.599,19,9,4,59.8976,30.4905,59.9406,30.3535,9.008,11.981,11.914
18,0,0.521,3.314,10,10,20,60.0486,30.3369,59.8286,30.1708,26.154,55.414,30.473
41,19,1.291,0.683,10,5,15,59.8817,30.4798,59.8799,30.2559,12.496,15.915,15.322
42,18,1.041,0.917,8,8,16,59.7780,30.6941,60.0017,30.2988,33.240,46.870,47.441
39,16,1.802,0.927,9,10,19,59.9646,30.3261,60.0441,30.3230,8.837,10.022,9.933
45,23,0.853,0.668,8,8,16,59.8437,30.2525,59.9370,30.3649,12.115,15.747,15.402
50,22,1.370,1.052,13,10,23,60.0161,30.3290,59.8272,30.1495,23.259,28.295,28.203
66,33,1.241,0.744,9,7,16,59.8598,30.3787,59.9342,30.3139,9.030,10.377,11.570
38,15,0.988,0.667,9,8,17,59.9416,30.3885,60.0153,30.3180,9.084,10.916,11.004
37,14,1.316,1.184,9,10,19,59.9547,30.4946,59.9840,30.2608,13.410,15.536,16.251
48,24,1.379,1.132,9,7,16,59.9772,31.0368,59.9361,30.3727,37.251,46.276,46.571
27,5,1.055,1.297,10,9,19,59.8667,30.2778,59.9479,30.3750,10.527,13.304,13.537
29,7,0.901,1.599,8,9,17,59.8986,29.7717,60.0232,30.3282,33.935,64.354,65.945
41,21,0.902,0.566,15,7,22,59.9522,30.4640,60.0768,30.3356,15.587,22.350,29.412
34,10,1.565,1.214,10,8,18,59.8323,30.3161,60.0234,30.3162,21.242,23.508,23.242
51,29,1.007,0.816,9,6,15,59.7214,30.4265,59.8637,30.3305,16.711,18.949,18.672
49,30,1.471,1.186,7,11,18,59.9106,30.4979,60.0245,30.2938,17.011,21.380,21.576
66,34,1.532,0.951,7,10,17,60.0079,30.2103,59.9325,30.4207,14.403,18.875,18.518
25,4,0.755,1.714,12,6,18,60.0489,30.3881,59.9449,30.3658,11.631,14.797,14.675
46,20,1.194,1.049,14,12,2,60.0679,30.3888,59.9318,30.3454,15.321,17.002,17.429
64,38,1.107,0.815,10,12,22,59.8603,30.3877,59.9882,30.2193,17.045,22.366,21.503
79,32,1.009,0.823,12,8,20,59.9393,30.4812,59.9075,30.3023,10.575,12.877,12.764
64,41,1.251,0.569,7,10,17,60.0572,30.3330,59.9502,30.5008,15.115,24.817,25.324
77,30,1.046,0.756,9,10,19,59.9163,30.3559,60.1108,30.4875,22.828,28.737,27.709
25,4,0.833,0.768,13,11,0,59.8348,30.1421,60.0120,30.4289,25.370,48.540,48.592
43,17,0.899,0.864,10,8,18,59.8286,30.4033,59.9484,30.3696,13.454,15.449,15.866
44,22,1.487,0.874,7,7,14,60.0592,30.3410,59.8548,30.3010,22.839,25.592,25.366
39,15,1.331,1.294,10,8,18,59.9285,30.4649,60.0198,30.3248,12.797,17.090,17.149
36,11,1.080,1.199,10,12,22,59.8270,30.1851,59.7217,30.2613,12.464,19.462,22.586
27,4,0.731,1.821,8,7,15,60.0083,29.7179,59.9428,30.2809,32.158,48.034,47.529
55,31,1.482,0.803,7,7,14,59.8369,30.2005,59.9353,30.2832,11.870,13.753,13.711
21,2,0.719,2.571,10,9,19,59.8555,30.3090,60.0096,30.3861,17.659,20.940,21.287
29,7,1.045,1.344,16,8,0,60.0512,30.4275,59.8464,30.4532,22.819,38.440,37.386
19,1,0.457,3.126,8,7,15,59.9865,30.4155,59.8807,30.5281,13.331,27.740,19.741
45,19,1.197,1.009,8,10,18,60.0066,30.2283,59.8519,30.0698,19.340,34.601,33.998
75,30,0.761,0.743,8,5,13,59.8509,30.2046,59.9999,30.3303,17.989,21.351,21.541
41,19,1.214,1.013,11,8,19,59.8337,30.2531,59.9477,30.3536,13.863,17.573,18.085
26,4,0.800,1.610,8,10,18,59.8618,30.3877,59.9842,30.3900,13.607,17.460,16.664
72,27,1.464,0.626,7,8,15,59.9913,30.3037,59.8525,30.3637,15.788,17.523,19.637
23,2,0.486,2.346,11,7,18,59.9536,30.4900,60.0693,30.3902,14.009,19.017,23.852
45,23,1.307,0.794,8,6,14,59.9164,30.4682,60.1083,30.4943,21.380,30.496,30.150
64,45,1.122,0.603,11,6,17,60.0404,30.3749,59.9915,30.6572,16.609,34.581,26.776
52,26,1.593,0.789,11,10,21,59.8615,30.2986,60.0021,30.3406,15.811,19.052,18.948
38,13,1.255,0.843,8,6,14,59.8617,30.1935,59.9499,30.3726,13.998,16.835,17.075
44,21,1.459,1.004,11,6,17,59.9467,30.2237,60.0420,30.3183,11.825,16.442,17.881
39,13,0.712,0.940,9,11,20,59.8821,30.4793,60.0022,30.3219,15.977,26.064,18.537
57,22,1.080,1.058,8,8,16,60.0562,30.4676,60.0166,30.3135,9.625,13.096,15.171
20,1,0.572,2.600,9,8,17,59.9315,30.4668,59.9503,30.2992,9.568,12.495,12.410
42,18,0.949,1.073,9,6,15,59.8497,30.3202,59.9193,30.4479,10.513,14.852,14.738
51,25,0.858,1.091,10,10,20,60.0566,30.3163,59.9244,30.3753,15.066,16.953,16.901
63,29,1.354,0.553,10,9,19,59.9211,30.2894,59.8521,30.1432,11.197,14.793,14.795
62,33,1.074,0.867,12,11,23,60.0058,30.2617,59.8514,30.2695,17.176,22.875,23.271
39,17,1.325,1.089,8,8,16,59.8794,30.3896,60.0144,30.3327,15.342,18.445,19.061
43,21,1.569,0.998,11,7,18,59.9074,30.4697,59.7400,30.0899,28.235,42.297,41.888
47,23,1.351,0.830,11,8,19,60.0400,30.3796,59.7176,30.4062,35.875,52.386,51.741
32,10,0.865,0.813,17,8,1,59.8978,30.4679,60.0191,30.3742,14.454,17.969,18.205
73,47,1.357,0.653,10,7,17,59.9134,30.3015,60.0357,30.3781,14.244,17.335,17.413
29,7,0.984,1.525,7,8,15,59.9327,30.4558,59.9331,30.3644,5.095,7.367,7.286
36,12,1.286,1.054,7,6,13,60.0161,30.3346,59.7217,30.4037,32.963,49.497,49.260
54,26,1.269,0.958,16,5,21,59.9204,30.4558,59.8431,30.2494,14.376,29.569,30.177
53,32,0.895,0.690,11,9,20,59.9717,30.3125,60.0924,30.3810,13.952,17.750,18.992
70,31,0.840,0.951,9,9,18,59.8532,30.4660,59.8521,30.3165,8.350,15.138,11.213
63,34,1.062,0.551,10,11,21,59.8309,30.4014,59.7873,30.1437,15.203,18.571,18.126
52,30,1.069,0.566,16,10,2,59.8259,30.1577,59.9315,30.3534,16.036,18.338,18.141
77,41,1.172,0.656,12,10,22,60.0663,30.3084,59.9404,30.2812,14.086,17.423,16.936
34,12,1.115,1.120,10,10,20,59.9893,30.2231,59.8759,30.4363,17.322,27.394,21.197
67,25,0.940,0.423,16,8,0,59.8272,30.3872,59.8588,30.1970,11.188,13.310,14.307
21,2,0.421,2.308,9,8,17,60.0234,30.2337,60.0183,30.4058,9.575,12.377,12.558
33,10,1.110,1.131,10,6,16,59.8732,30.3987,59.9871,30.2074,16.557,23.000,21.655
51,31,1.243,0.910,8,6,14,60.0069,30.2845,59.9185,30.4752,14.474,18.510,18.316
31,9,0.966,1.100,8,4,12,59.8564,30.3804,59.9294,30.2427,11.175,16.133,16.404
57,42,0.907,0.880,9,5,14,60.0479,30.3723,59.8664,30.3234,20.356,22.387,22.114
71,40,1.012,0.706,9,10,19,59.9410,30.4768,59.8478,30.3244,13.403,17.135,17.698
33,9,1.166,1.200,10,11,21,60.0344,30.3401,59.8038,30.2983,25.747,47.191,47.432
59,34,0.923,0.425,17,6,23,59.8371,30.1339,59.9311,30.2375,11.941,21.230,20.912
62,32,1.440,0.620,14,8,22,59.8485,30.1827,60.0516,30.4423,26.810,55.512,56.802
35,10,0.787,1.367,8,6,14,59.7496,30.5747,60.0022,30.3909,29.903,42.901,44.725
32,10,1.076,0.996,7,5,12,59.8566,30.3790,60.0232,30.3164,18.854,21.044,21.026
29,6,0.988,1.742,8,10,18,60.1403,30.2123,60.0497,30.4420,16.235,21.490,22.436
44,23,1.224,0.929,9,4,13,59.9428,30.2384,59.9519,30.4107,9.650,12.466,12.496
30,9,1.415,0.859,7,9,16,60.0114,30.2433,59.8779,30.3316,15.640,19.105,19.518
55,30,0.717,0.662,14,8,22,59.9310,30.4766,60.0584,30.3387,16.114,27.002,26.323
37,14,0.825,0.873,11,7,18,59.8420,30.3973,60.0398,30.3734,22.037,40.580,38.852
60,35,1.313,0.842,11,7,18,60.0148,30.3249,59.8484,30.1021,22.277,29.959,29.454
32,11,1.140,0.961,10,9,19,59.8961,30.4166,60.0130,30.3950,13.054,17.234,16.934
44,22,1.509,1.123,9,10,19,59.8496,30.2109,59.9325,30.3575,12.317,14.184,13.900
69,40,1.194,0.977,10,5,15,59.8546,30.1981,59.9598,30.4050,16.431,19.873,20.038
75,31,1.240,0.850,7,5,12,59.9499,30.4913,59.9448,30.2628,12.739,15.316,15.204
33,10,1.424,1.363,14,7,21,59.8542,30.4683,59.9584,30.3099,14.567,17.153,16.775
56,30,0.899,1.099,8,8,16,59.8347,30.3934,59.9350,30.3491,11.430,12.935,13.333
50,23,1.253,0.483,9,5,14,60.0257,30.2932,59.8974,30.4222,15.967,19.824,18.895
33,10,0.808,0.712,11,5,16,59.8374,30.5115,59.9962,30.3699,19.344,29.955,29.537
42,18,1.193,1.081,10,10,20,59.7622,30.7905,60.0097,30.3553,36.691,50.472,51.224
73,25,0.935,0.600,8,9,17,60.0326,30.3455,59.8772,30.4403,18.067,33.055,33.192
24,3,0.471,2.348,9,12,21,59.8585,30.1832,59.9857,30.2161,14.262,25.647,25.105
35,13,0.793,0.716,10,10,20,59.7299,30.4659,59.8502,30.3419,15.072,19.727,20.618
35,12,1.087,1.262,7,11,18,59.8471,30.3751,59.9878,30.2905,16.348,20.300,19.797
43,19,1.496,1.017,9,7,16,60.0306,30.4047,59.9261,30.2778,13.596,16.502,17.685
59,36,1.579,0.759,10,6,16,60.0089,30.2274,59.8686,30.2672,15.754,22.117,21.946
51,26,1.150,0.808,9,7,16,60.0096,30.4220,59.9027,30.3306,12.933,16.021,16.425
73,31,1.668,0.593,8,12,20,59.8568,30.3060,60.0156,30.3876,18.238,21.317,21.939
57,26,0.967,0.895,10,6,16,59.9896,30.2199,59.9023,30.4219,14.863,17.387,18.680
61,31,1.260,0.845,9,7,16,59.9437,30.3631,60.0512,30.3359,12.044,13.340,13.913
67,36,1.462,1.037,8,4,12,59.9326,30.2510,60.0367,30.3254,12.293,14.772,15.682
72,47,0.678,0.680,9,9,18,59.8735,30.2616,60.0067,30.3864,16.353,18.887,19.222
49,24,1.179,0.967,8,10,18,59.8332,30.1776,59.8907,30.4410,16.031,25.966,25.215
48,23,0.822,1.091,7,8,15,59.9027,30.3191,59.9557,30.3713,6.573,7.896,7.808
43,16,1.346,1.058,9,12,21,59.5745,30.1384,59.8556,30.3922,34.346,40.177,41.711
88,39,1.548,0.729,8,6,14,59.8759,30.4088,60.0150,30.3246,16.155,19.555,19.690
63,36,1.351,0.608,11,7,18,59.8561,30.3825,59.9545,30.3582,11.023,14.007,13.778
27,5,0.719,1.651,10,9,19,59.8815,30.4568,60.0097,30.3581,15.278,18.945,18.955
62,39,1.096,0.662,10,12,22,59.7415,30.5931,59.9131,30.4573,20.542,31.197,32.170
52,25,1.240,0.671,7,8,15,59.8491,30.1793,59.9198,30.4874,18.905,33.723,34.489
70,43,1.003,1.076,10,10,20,60.0026,30.3384,59.9370,30.2884,7.805,9.959,9.952
51,28,1.193,1.019,8,6,14,59.8622,30.1854,59.9359,30.3803,13.608,16.512,16.428
52,28,0.994,1.001,8,9,17,59.8298,30.1936,59.9660,30.3128,16.540,19.315,18.796
62,37,1.112,0.957,9,5,14,59.9406,30.4981,60.0631,30.3719,15.319,24.025,23.648
39,16,1.484,0.509,11,9,20,59.8539,30.2943,59.9341,30.2385,9.437,14.170,13.408
32,10,1.516,1.313,10,7,17,60.0190,30.4018,59.9346,30.2963,11.068,12.794,14.514
56,35,1.109,0.714,9,10,19,59.8594,30.3773,59.9462,30.4983,11.768,18.694,18.189
31,9,1.166,1.589,8,9,17,60.0485,30.3480,60.0398,30.4084,3.490,3.931,3.933
38,15,0.811,0.933,9,9,18,59.9210,30.2905,59.9961,30.4292,11.371,15.947,14.224
33,9,1.202,1.282,8,6,14,59.7933,30.1495,59.9100,30.3481,17.071,20.086,21.413
31,7,0.839,0.843,11,7,18,59.9434,30.4847,59.9154,30.2946,11.037,12.306,12.861
64,31,1.414,0.699,11,9,20,59.9065,30.4618,59.9514,30.2172,14.513,16.771,17.528
51,20,1.485,1.294,13,12,1,59.7198,30.0756,59.9301,30.3606,28.290,31.744,32.635
35,12,0.965,0.899,8,9,17,60.0361,30.3473,59.9271,30.3350,12.134,14.591,14.843
23,3,0.848,2.162,11,9,20,59.9737,31.0457,60.0377,30.4129,35.890,56.193,57.738
36,15,1.427,1.010,9,7,16,59.9803,30.4033,59.8558,30.3829,13.889,17.789,17.756
41,17,1.318,0.892,11,12,23,60.0342,30.3988,59.9455,30.3633,10.066,13.183,12.679
23,3,0.924,2.115,8,7,15,59.8266,30.1555,59.9602,30.3217,17.510,20.970,21.403
39,16,1.700,1.193,11,10,21,59.8431,30.2609,59.8312,30.1486,6.412,7.685,7.561
30,8,0.783,1.558,10,11,21,60.0092,30.7012,60.0371,30.4175,16.060,25.350,36.094
39,11,0.815,0.900,8,10,18,60.0570,30.3347,59.9323,30.3538,13.905,15.130,15.247
85,30,1.933,0.582,10,8,18,59.8479,30.2058,59.9723,30.3147,15.105,19.468,17.791
37,12,1.247,0.991,9,9,18,60.0452,30.3450,59.9364,30.2881,12.509,15.200,16.527
23,3,0.601,2.402,9,11,20,59.8430,30.3109,59.9569,30.3738,13.132,15.290,15.005
38,14,1.216,1.145,9,10,19,59.8632,30.3226,59.9839,30.3386,13.456,15.271,15.072
32,11,1.329,1.513,7,8,15,59.9323,30.2399,60.0550,30.3348,14.627,17.315,17.832
50,22,1.439,0.752,14,6,20,59.8605,30.3491,60.0160,30.2695,17.848,20.644,22.317
48,24,1.072,0.885,7,10,17,59.8517,30.2098,59.9203,30.4493,15.389,33.270,21.386
50,24,1.102,1.136,10,7,17,60.0207,30.2448,60.0285,29.9727,15.141,22.806,24.335
31,7,1.647,0.892,10,7,17,59.8661,30.3938,59.9686,30.4039,11.417,15.811,15.893
34,9,1.476,0.922,10,11,21,59.8339,30.2205,59.9327,30.3527,13.235,17.558,17.144
30,7,1.473,1.060,9,10,19,59.8478,30.2097,59.9286,30.3020,10.360,11.582,11.611
52,27,1.675,0.874,9,11,20,59.8848,30.9976,59.9321,30.3490,36.544,44.595,45.188
32,9,1.099,1.219,10,10,20,59.8452,30.3992,59.8620,30.3287,4.361,6.049,6.073
30,8,0.986,1.433,11,5,16,60.0390,30.4161,59.9424,30.2771,13.235,15.855,15.394
41,14,1.321,1.155,13,9,22,59.8549,30.3781,60.0042,30.3284,16.825,19.645,18.744
37,13,0.832,1.038,8,8,16,60.0137,30.4209,59.8861,30.4199,14.189,17.620,17.822
62,41,1.055,0.496,8,9,17,59.8295,30.2194,59.9890,30.2992,18.292,22.019,23.624
18,1,0.787,2.956,10,8,18,59.8299,30.3957,59.9664,30.3875,15.182,19.030,18.925
36,12,0.933,1.352,9,8,17,59.8340,30.2522,59.8578,30.3945,8.378,11.577,10.336
31,8,1.116,1.384,9,12,21,59.8544,30.4687,59.9387,30.2786,14.158,18.308,17.484
62,33,1.596,0.843,11,9,20,60.0359,30.4238,60.0181,30.3130,6.462,8.838,8.669
49,24,1.019,0.390,8,7,15,59.8781,30.4609,59.9893,30.2933,15.495,19.030,18.487
51,21,1.560,0.843,8,8,16,59.8611,30.2551,59.9418,30.2792,9.067,11.534,11.710
61,37,1.122,1.019,7,8,15,59.8539,30.3559,60.0164,30.3220,18.168,19.470,19.544
28,7,0.860,0.869,8,9,17,60.0162,30.2450,59.8583,30.1955,17.770,25.255,25.769
28,5,0.877,1.126,9,8,17,59.8267,30.2161,59.7227,30.0599,14.497,16.389,16.447
40,22,1.462,0.866,12,8,20,60.0413,30.4210,59.9578,30.3282,10.621,12.496,12.951
81,48,1.156,0.779,9,8,17,59.8553,30.1805,59.9320,30.3669,13.443,16.127,16.147
49,27,1.089,1.015,10,9,19,60.1411,30.2153,59.9113,30.3157,26.158,29.881,39.974
34,11,1.595,1.160,10,8,18,59.9320,30.4691,60.0043,30.2977,12.474,16.382,17.380
31,8,1.004,1.221,10,8,18,59.9090,30.3131,59.8024,30.2976,11.889,15.473,16.787
44,20,1.536,0.776,11,4,15,59.7288,30.4181,59.9284,30.2516,24.060,34.257,34.074
84,42,1.265,0.723,10,12,22,59.8563,30.1841,59.9702,30.3206,14.777,18.861,18.753
72,37,1.680,0.887,8,6,14,59.9576,30.4845,59.8074,30.3168,19.140,29.136,29.635
52,21,1.246,1.018,8,8,16,59.9251,30.3274,60.0376,30.4771,15.032,21.231,20.258
57,30,1.361,0.823,7,10,17,59.8453,30.2338,59.9252,30.3755,11.887,14.953,14.959
27,5,1.187,1.575,10,8,18,59.8543,30.4704,59.9409,30.2798,14.345,17.822,17.541
66,34,0.967,0.885,9,7,16,59.8277,30.2004,59.9485,30.2987,14.513,17.305,17.147
28,6,0.911,1.389,10,9,19,60.0775,30.3221,59.9907,30.3322,9.664,11.024,11.042
25,3,0.798,1.474,7,7,14,59.9481,30.2780,59.8538,30.0740,15.475,22.207,23.165
43,22,1.266,0.950,10,7,17,59.9289,30.3130,59.8371,30.1370,14.160,16.930,17.521
42,22,1.093,1.125,10,8,18,59.9101,30.4577,60.0367,30.3746,14.821,18.440,27.956
31,8,1.097,1.426,8,7,15,60.0003,30.2126,60.1441,30.2218,16.006,26.075,27.559
28,6,1.139,1.625,9,7,16,59.8564,30.3685,60.0178,30.3156,18.182,19.801,19.939
21,2,0.615,1.825,10,7,17,59.9122,30.4667,60.0389,30.3220,16.220,20.695,21.008
44,23,1.013,0.502,9,9,18,59.7739,30.1463,59.9949,30.1349,24.579,41.399,41.212
55,27,1.191,0.893,10,6,16,59.8442,30.2335,59.9969,29.7677,31.012,60.407,61.341
33,9,1.089,1.346,8,7,15,59.8286,30.4155,59.9406,30.2755,14.695,18.308,17.882
74,33,1.238,0.890,9,11,20,59.9546,30.4977,59.9323,30.3538,8.386,9.607,10.451
69,38,1.749,0.762,11,11,22,59.8369,30.1294,59.9844,30.2308,17.349,33.315,28.122
42,18,1.636,1.013,7,9,16,59.8655,30.3164,60.0129,30.3207,16.394,18.418,18.282
59,29,1.593,0.657,9,7,16,59.8775,30.4643,60.0090,30.2977,17.315,20.904,20.576
56,39,1.171,0.804,11,5,16,60.0251,30.4275,59.8583,30.3900,18.666,31.499,31.040
69,34,1.403,0.594,12,6,18,60.2609,29.7892,60.0234,30.3122,39.189,56.058,55.001
24,3,0.475,1.978,9,7,16,59.7184,30.0744,59.8018,30.2988,15.618,24.228,26.204
26,5,0.888,1.031,9,5,14,59.9261,30.3108,60.0163,30.3135,10.028,12.761,12.769
46,24,1.665,0.767,8,10,18,60.0260,30.3234,59.9086,30.2998,13.121,15.560,16.032
35,10,1.298,0.899,8,9,17,59.8314,30.1411,59.9489,30.2800,15.196,19.421,19.208
29,6,1.141,1.339,8,7,15,60.0446,30.3820,59.9155,30.3306,14.638,16.798,16.838
38,15,1.664,1.058,11,8,19,59.6682,30.0724,59.5735,30.1390,11.174,13.045,12.929
37,13,1.499,0.922,8,9,17,59.8319,30.1990,59.9543,30.3557,16.179,19.158,18.540
28,6,1.423,1.509,10,10,20,59.8609,30.1852,59.9180,30.3484,11.094,13.218,13.773
34,10,1.551,0.932,14,10,0,59.8392,30.3147,59.7873,30.6885,21.679,29.664,30.488
32,10,1.510,0.910,7,9,16,59.9560,30.2303,59.8525,30.1976,11.655,16.968,18.224
61,33,1.345,0.529,9,8,17,59.8933,30.4750,59.9996,30.3299,14.311,17.001,17.084
31,8,0.969,1.031,8,8,16,59.8451,30.2372,59.8205,30.1699,4.650,5.687,5.693
32,9,0.827,1.516,14,7,21,59.9543,30.4298,60.0521,30.3581,11.575,15.040,15.278
62,29,1.474,1.057,8,11,19,59.8533,30.3340,59.9375,30.2239,11.192,15.870,15.907
54,26,0.952,0.603,16,9,1,59.8426,30.4010,59.9337,30.3668,10.309,11.979,12.602
66,32,1.232,0.968,11,7,18,59.8545,30.2323,59.9000,30.4263,11.950,16.538,16.044
43,19,1.130,1.366,13,6,19,59.8353,30.5071,59.9313,30.3523,13.729,15.927,15.523
39,14,1.088,1.043,14,8,22,59.8851,30.2717,60.0062,30.3243,13.780,16.426,16.660
86,37,1.406,0.738,9,7,16,59.8771,30.3292,60.0394,30.3684,18.180,20.712,20.347
25,4,0.772,0.954,9,5,14,59.8611,30.3990,60.0058,30.3890,16.097,20.014,20.498
29,7,1.234,1.362,8,10,18,59.8823,30.4190,60.0002,30.3606,13.505,17.147,17.773
55,26,1.212,0.779,15,7,22,59.8713,30.4402,59.9806,30.3274,13.684,15.839,16.508
59,42,1.665,0.442,11,12,23,59.9349,30.3686,59.9562,30.3024,4.381,5.797,5.756
76,35,1.464,0.849,9,9,18,59.8415,30.1603,60.0176,30.3205,21.516,26.920,27.118
36,14,0.677,0.909,9,7,16,59.7516,30.5649,59.8628,30.4270,14.571,17.442,17.595
44,19,1.436,1.109,9,6,15,60.0780,30.3275,59.8719,30.3469,22.940,25.704,25.569
48,23,1.020,0.879,9,6,15,59.5772,30.1432,59.6993,30.7848,38.532,50.958,52.010
75,22,1.295,0.737,9,10,19,59.9389,30.4853,59.8774,30.3329,10.913,14.923,15.076
31,10,1.319,0.744,9,8,17,59.8664,30.4453,60.0134,30.3293,17.576,20.030,19.974
35,15,1.116,1.183,10,8,18,59.9473,30.4930,59.9894,30.3041,11.506,13.972,14.109
39,17,1.313,1.149,9,9,18,60.0019,30.2157,60.0677,30.3965,12.422,29.992,15.780
41,19,1.223,0.702,8,8,16,59.9382,30.3712,59.9314,30.3015,3.956,4.527,4.560
75,32,1.301,0.701,9,12,21,59.9548,30.2265,59.9486,30.4514,12.542,14.698,14.779
29,7,1.392,1.247,9,10,19,60.0080,30.6164,59.9749,30.3273,16.494,20.482,21.586
27,5,0.658,1.347,13,11,0,60.0911,29.9573,60.0152,30.3310,22.388,31.979,31.770
47,22,1.839,0.866,13,10,23,59.8293,30.4152,59.9980,30.3727,18.900,33.041,34.508
33,11,1.296,1.208,8,9,17,60.0263,30.2922,59.8977,30.4207,15.994,19.983,19.922
69,33,0.764,0.700,11,6,17,59.9533,30.3592,59.8584,30.3319,10.662,12.414,13.135
35,12,1.467,0.820,13,7,20,59.9461,30.3638,59.8727,30.2620,9.944,11.613,11.378
31,8,0.986,0.729,10,7,17,59.9205,30.2974,60.0110,30.2710,10.177,13.077,13.022
68,43,1.200,0.701,8,7,15,59.9076,30.4775,60.0195,30.3103,15.534,19.656,19.490
35,13,1.192,0.959,8,9,17,59.9283,30.3553,60.0347,30.4251,12.445,15.529,14.710
41,16,1.298,0.987,16,7,23,60.0540,30.3499,59.9325,30.3590,13.527,16.153,15.594
20,1,0.650,2.087,10,4,14,59.8461,30.2341,59.9926,30.4390,19.898,41.529,44.171
55,27,1.072,0.972,9,6,15,59.9464,30.2257,60.0241,30.3132,9.914,14.547,15.662
50,21,1.596,0.586,8,9,17,60.0101,30.0005,60.0163,30.3321,18.441,22.128,22.203
67,36,1.359,0.936,10,9,19,60.0044,30.3579,60.0911,30.3805,9.728,13.760,15.037
35,15,1.035,1.144,8,11,19,59.8801,30.4532,59.9844,30.2257,17.176,21.991,20.872
45,25,1.494,1.389,7,9,16,59.9963,30.3525,59.9442,30.3506,5.792,6.844,7.733
23,3,0.622,1.600,9,9,18,59.9061,30.4649,60.0032,30.3381,12.895,16.148,16.187
31,8,0.677,1.334,7,9,16,60.0029,30.3606,59.8739,30.3307,14.434,17.038,16.380
75,32,1.072,0.705,10,12,22,59.8670,30.4131,59.9948,30.3113,15.306,19.392,18.795
55,31,1.127,1.311,10,6,16,59.9518,30.2260,60.0777,30.3372,15.303,21.011,22.096
30,6,0.997,1.300,8,6,14,59.9951,29.7794,59.9884,30.3015,29.044,42.633,44.928
49,20,0.964,0.986,10,7,17,59.8621,30.3429,59.9950,30.4294,15.550,21.313,19.906
56,37,0.780,0.879,10,7,17,60.0089,30.4195,59.8569,30.3776,17.059,28.351,28.389
38,16,0.836,1.158,9,4,13,59.8157,30.2885,59.9351,30.4355,15.607,33.144,33.273
25,3,0.962,1.694,9,8,17,60.0160,30.4251,59.9312,30.2921,11.991,15.166,16.207
28,7,1.295,1.402,9,7,16,59.8449,30.3991,59.8431,30.1590,13.414,15.709,15.616
32,9,1.149,1.122,9,4,13,59.9253,30.4199,60.0016,30.3660,9.000,11.308,11.116
33,11,1.086,1.087,9,4,13,59.9496,30.4702,60.0544,30.3374,13.802,20.903,25.752
52,27,1.154,1.196,8,5,13,59.9938,29.7794,60.0067,30.2678,27.190,39.975,41.315
33,10,1.108,1.402,17,4,21,60.0386,30.3948,59.9289,30.3348,12.647,14.703,14.885
18,0,0.502,2.990,11,11,22,59.8483,30.1371,59.9339,30.3536,15.378,18.698,18.307
32,9,1.499,0.994,16,9,1,60.0144,30.2389,59.8884,30.4204,17.273,20.412,21.161
31,9,1.044,1.143,8,4,12,59.8604,30.3292,59.7195,30.4074,16.265,17.495,17.605
48,26,1.195,0.893,8,6,14,59.8323,30.4207,59.9272,30.3084,12.272,14.662,14.751
39,16,1.660,0.904,10,10,20,59.9150,30.4813,60.0027,30.2989,14.075,18.060,17.677
49,25,1.399,0.587,12,10,22,59.8810,30.4653,60.0367,30.3635,18.215,30.446,29.908
55,27,1.469,1.294,7,12,19,59.8601,30.3454,59.8371,30.1371,11.909,13.819,14.413
52,31,1.242,0.660,9,12,21,59.8810,30.4778,59.7199,30.4066,18.349,26.988,25.090
30,7,0.976,1.249,9,10,19,59.8827,30.4726,59.9379,30.2839,12.179,14.930,16.167
26,4,0.703,1.678,11,8,19,59.8626,30.3004,59.9517,30.3033,9.910,11.596,11.335
18,0,0.469,3.280,10,11,21,59.9137,30.4580,59.8524,30.3346,9.692,12.661,13.260
21,2,0.809,2.539,8,8,16,59.8557,30.3822,60.0090,30.3273,17.321,19.197,19.288
72,45,1.172,0.868,8,7,15,60.0724,30.2381,59.9376,30.2405,14.988,22.957,22.004
33,10,1.108,0.699,7,10,17,59.9499,30.4657,60.0341,30.3732,10.676,13.773,13.211
61,43,1.370,1.117,9,8,17,59.9949,30.1945,60.0405,30.3895,11.965,15.410,14.907
34,11,1.126,0.816,9,7,16,59.8537,30.2045,59.7391,30.0883,14.301,15.243,15.258
42,19,1.661,0.989,9,8,17,59.8535,30.3745,59.9968,30.2979,16.497,19.977,18.785
52,30,1.493,0.980,8,8,16,59.8418,30.3971,60.0914,30.3797,27.776,43.614,44.281
55,24,1.692,1.198,9,11,20,59.8598,30.3814,59.9728,30.3362,12.812,14.950,15.721
19,1,0.646,2.572,19,11,6,60.0039,30.2620,59.8968,30.4161,14.682,17.999,18.723
18,1,0.583,2.191,9,7,16,59.9645,30.3102,59.9984,30.3711,5.067,6.981,6.135
47,27,1.664,0.982,10,10,20,59.7787,30.1014,59.9485,30.4484,27.050,32.206,32.974
33,11,1.387,1.177,8,5,13,59.9538,30.4289,59.9332,30.3136,6.819,8.769,9.077
54,30,1.196,0.777,11,10,21,60.0107,30.4131,60.0605,30.3744,5.932,8.801,9.230
56,32,1.280,0.949,11,5,16,59.9869,30.2005,59.8793,30.3295,13.964,19.436,20.923
60,26,0.634,0.796,9,6,15,59.8500,30.3168,59.8837,29.8566,25.960,34.598,45.824
38,13,1.715,1.314,10,10,20,59.8579,30.1975,59.9347,30.3328,11.393,14.282,13.429
46,21,1.341,0.768,10,4,14,59.8239,30.4014,59.9505,30.2996,15.183,17.213,18.538
27,4,0.900,1.745,11,12,23,59.8133,30.2919,60.0169,30.2420,22.807,32.235,32.243
31,7,0.969,0.738,10,8,18,59.9878,30.1993,59.8995,30.4287,16.120,19.018,20.288
34,11,1.221,1.129,8,7,15,59.8994,29.7718,60.0097,30.3961,36.859,67.602,68.338
39,16,1.226,0.804,9,9,18,59.8836,30.4720,60.0015,30.3412,15.001,18.046,24.935
63,35,1.602,0.993,14,7,21,59.8704,30.3884,60.0042,30.2939,15.776,17.959,18.225
30,8,0.772,1.431,9,6,15,59.8134,30.2899,59.9328,30.3014,13.302,19.438,19.473
49,22,1.520,0.979,7,8,15,59.8496,30.3178,60.0132,30.3243,18.193,19.976,20.030
42,18,1.283,1.254,10,6,16,60.0514,30.3497,59.9911,30.6517,18.066,36.281,27.642
67,46,0.900,0.655,13,8,21,59.8529,30.4722,59.9242,30.2977,12.558,26.472,15.878
29,7,0.750,0.977,11,8,19,59.9015,30.4692,60.0181,30.3338,14.993,18.441,18.157
37,16,0.986,0.883,11,11,22,60.0161,30.3228,59.8542,30.1962,19.334,23.541,23.351
35,10,1.070,1.095,8,10,18,59.8372,30.1663,59.8522,30.3631,11.114,12.675,13.175
35,11,0.939,0.855,10,10,20,59.8625,30.2990,59.8530,30.0726,12.685,14.696,14.841
33,9,1.538,1.015,13,8,21,59.8554,30.1780,59.9708,30.4017,17.898,22.033,22.452
41,20,1.299,1.191,10,7,17,59.9320,30.4550,60.0700,30.3954,15.698,26.328,26.774
44,23,1.040,0.654,8,5,13,59.9232,30.4535,59.8284,30.3164,13.033,26.457,28.053
37,12,1.537,0.684,8,9,17,59.9145,30.4629,60.0178,30.3213,13.931,16.958,16.993
52,32,1.446,0.678,8,10,18,60.0733,30.3283,59.9353,30.3499,15.390,17.196,16.783
48,21,1.086,0.675,8,10,18,60.0155,30.2447,59.8530,30.3293,18.677,22.469,21.854
41,20,0.873,0.771,11,5,16,59.8938,30.4801,59.8396,30.2323,15.085,27.083,27.821
59,22,1.727,0.724,9,10,19,60.0514,30.3538,59.8756,30.4365,20.089,32.068,32.423
46,23,1.479,0.740,10,6,16,59.8514,30.3190,59.9497,30.4217,12.341,14.733,14.933
40,17,1.247,1.109,10,7,17,60.0721,30.3256,59.9420,30.2098,15.824,23.369,21.375
40,16,1.154,1.024,7,12,19,59.8559,30.2377,59.8512,30.1414,5.404,7.197,6.895
27,5,0.932,1.669,10,12,22,60.0127,30.2448,60.1072,30.4844,16.952,34.123,35.141
29,6,1.389,1.472,11,8,19,59.7740,30.7983,59.6208,30.3957,28.289,40.986,40.969
30,8,1.321,1.311,14,7,21,60.0471,30.3908,59.9341,30.3463,12.812,14.992,15.192
45,18,1.152,1.121,9,5,14,60.0336,30.2975,59.8498,30.3041,20.445,23.220,23.245
45,21,1.488,0.789,10,9,19,59.8518,30.3871,59.9897,30.2082,18.292,23.473,23.195
23,3,0.679,1.859,8,11,19,59.8340,30.4114,59.8315,30.1532,14.429,16.655,17.286
22,2,0.645,1.888,9,10,19,59.8899,30.4274,59.9334,30.3605,6.114,7.950,8.674
35,11,1.619,1.059,8,8,16,59.9145,30.3551,60.0300,30.2404,14.341,17.748,16.829
48,33,0.992,1.221,9,11,20,59.8388,30.4256,59.7839,30.6265,12.782,17.983,19.939
42,18,1.391,1.026,9,9,18,60.0243,30.3805,59.8471,30.3236,19.959,22.540,22.293
47,23,0.806,1.330,10,6,16,59.9030,30.3149,60.0057,30.2788,11.592,13.598,13.900
25,4,0.720,1.512,7,8,15,59.9464,30.4654,60.0169,30.3130,11.543,14.396,14.309
30,7,0.457,1.406,18,8,2,59.7313,30.4092,59.8718,29.8624,34.340,40.952,45.666
46,23,1.140,0.670,10,5,15,60.0107,30.0032,60.0323,30.2854,15.862,21.033,28.388
71,29,1.082,0.479,10,5,15,59.8719,30.3747,59.9270,30.2815,8.034,11.269,10.891
54,27,0.938,1.336,7,9,16,60.0453,30.7034,59.9251,30.2816,26.998,29.952,30.357
48,26,0.998,0.859,8,7,15,59.8620,30.4740,60.0224,30.3828,18.546,33.960,33.055
35,10,1.331,1.089,8,9,17,59.9223,30.4718,59.9381,30.2395,13.065,15.829,15.990
58,30,1.461,1.127,8,4,12,59.9967,30.1951,60.0739,30.2341,8.852,15.647,15.923
38,16,1.202,1.387,9,9,18,60.0477,30.3559,59.9320,30.3145,13.073,16.281,16.285
52,21,1.827,1.050,11,4,15,59.7929,30.1522,59.9305,30.2428,16.112,25.691,26.514
41,16,1.442,1.237,9,6,15,59.8745,30.4416,60.0046,30.2150,19.197,23.773,24.465
26,4,0.243,1.682,8,8,16,59.9433,30.4794,60.0322,30.2846,14.661,19.502,20.049
47,26,1.237,1.112,9,7,16,60.0585,30.3162,59.9523,30.2963,11.854,13.442,13.256
60,38,0.820,0.737,9,10,19,60.0520,30.4529,59.9267,30.3017,16.272,19.881,20.784
26,4,0.843,1.610,8,5,13,59.9731,30.2712,59.8992,30.4276,11.983,13.612,13.801
59,35,1.082,1.005,9,9,18,60.0097,30.2822,59.8987,30.4170,14.446,16.685,17.390
50,27,1.013,1.067,8,7,15,60.0012,30.3625,59.8970,30.4165,11.976,15.518,15.763
38,14,0.780,0.856,11,6,17,59.8585,30.3255,59.8519,30.2434,4.645,5.996,5.695
30,9,1.102,1.405,9,8,17,59.8483,30.2490,59.9963,30.3387,17.205,20.224,20.631
59,36,1.190,0.997,15,12,3,60.1126,30.4928,59.9334,30.2443,24.239,29.413,28.774
36,14,1.132,0.579,9,8,17,59.8775,30.2743,59.9356,30.4511,11.788,16.316,16.357
38,13,1.579,1.002,9,10,19,59.8668,30.4599,60.0161,30.3205,18.330,20.968,20.756
32,8,1.193,0.896,8,10,18,59.8388,30.3645,59.9637,30.3199,14.109,15.911,16.294
83,38,1.305,0.726,10,9,19,59.8785,30.2728,60.0136,30.3226,15.275,17.868,18.231
40,16,1.381,0.918,8,8,16,60.0639,30.3105,59.9350,30.2837,14.413,16.935,16.826
34,11,0.959,0.947,10,6,16,59.8449,30.3952,59.9278,30.2436,12.511,17.863,18.600
52,31,1.177,0.478,11,8,19,59.8321,30.1560,59.8984,30.4197,16.460,23.618,28.547
73,30,0.996,0.893,8,9,17,59.8255,30.1474,59.9435,30.3255,16.456,19.210,19.056
19,1,0.345,2.850,9,6,15,59.8459,30.3915,59.8763,30.4411,4.361,5.465,5.991
39,15,1.860,1.155,10,8,18,60.0491,30.3373,59.9379,30.4841,14.820,25.444,26.145
40,18,1.224,0.703,7,9,16,60.0247,30.2869,59.9515,30.4976,14.264,18.013,17.997
44,13,1.686,1.127,8,10,18,59.8458,30.3956,59.7529,30.5893,14.977,19.399,18.832
33,9,1.222,1.129,9,8,17,59.8639,30.3741,59.9434,30.2818,10.234,12.587,12.996
23,3,0.775,2.439,10,8,18,60.0329,30.4092,59.9029,30.4821,15.017,27.015,27.740
63,39,1.408,0.700,10,8,18,59.9099,30.4554,60.0069,30.3567,12.094,15.454,15.210
38,16,0.846,1.213,10,8,18,60.0533,30.3643,59.9374,30.2304,14.879,19.511,18.508
28,6,1.258,1.215,15,9,0,59.8900,30.4848,59.9578,30.3008,12.724,15.426,15.767
73,34,0.705,0.775,10,6,16,59.8692,30.4425,59.9828,30.3211,14.330,16.415,16.852
40,15,1.282,0.749,10,8,18,60.0210,30.2480,59.8657,30.3209,17.739,20.603,19.973
72,36,0.966,0.555,8,8,16,59.8575,30.2337,59.9336,30.3001,9.229,10.294,10.809
39,13,0.783,0.941,9,5,14,59.8346,30.3126,59.9886,30.2521,17.444,22.320,21.986
29,7,1.674,1.868,8,10,18,60.0160,30.3927,60.0259,30.6481,14.233,23.347,19.072
35,11,1.158,1.169,10,8,18,59.8300,30.3951,59.9500,30.3026,14.311,16.189,17.174
24,3,0.573,1.555,10,6,16,59.8503,30.1801,59.9536,30.3586,15.199,18.408,18.336
23,3,0.474,1.853,9,9,18,59.8727,30.4419,60.0154,30.3321,16.999,20.383,20.352
37,12,1.252,0.602,7,9,16,59.8607,30.3487,59.9845,30.2615,14.597,20.442,18.051
39,12,0.736,0.913,7,7,14,60.0514,30.3770,59.9255,30.3076,14.515,16.942,17.238
37,14,1.218,1.022,8,8,16,59.8949,30.4729,60.0107,30.2471,17.991,21.845,22.861
42,15,0.924,0.982,11,7,18,59.9495,30.4907,59.8978,30.4151,7.128,11.080,10.748
35,12,0.769,1.072,9,7,16,60.0462,30.4022,59.8995,30.3204,16.943,20.749,19.369
28,6,1.174,1.806,9,9,18,60.0250,30.3207,59.9314,30.3539,10.574,11.094,11.243
51,31,1.160,0.522,7,11,18,59.8559,30.2269,59.9290,30.3335,10.069,11.912,11.069
67,34,0.932,0.944,15,8,23,60.1073,30.5015,60.0032,30.3232,15.230,18.496,19.920
47,27,1.656,1.044,10,8,18,59.8525,30.1898,59.9450,30.3688,14.328,16.809,17.525
74,42,0.884,0.948,10,9,19,59.7404,30.5666,59.9691,30.4333,26.496,39.154,39.770
45,24,1.118,0.900,10,8,18,59.7353,30.6191,59.9054,30.3201,25.238,37.205,38.131
49,26,0.835,1.175,10,7,17,59.9417,30.5007,59.9054,30.2144,16.457,19.208,19.497
26,4,0.612,1.741,8,8,16,60.0343,30.3017,59.8743,30.3288,17.846,20.895,20.626
65,38,1.297,0.757,10,4,14,60.0162,30.4154,59.8878,30.2621,16.630,20.267,20.220
36,11,1.807,1.184,13,8,21,59.8533,30.3339,59.7544,30.5633,16.899,23.730,22.590
49,28,1.373,1.226,12,4,16,59.8884,30.4215,60.0333,30.4218,16.111,29.348,29.192
45,22,1.039,1.263,11,9,20,59.8501,30.4180,59.9521,30.2976,13.183,15.554,15.667
34,10,0.791,1.032,8,9,17,59.9096,30.4739,60.0150,30.3902,12.616,14.955,15.189
29,7,0.499,1.400,10,10,20,59.9488,30.2795,59.8645,30.4108,11.895,15.274,14.242
30,7,1.188,0.970,10,9,19,59.8599,30.4712,59.9970,30.3705,16.252,29.053,27.526
77,37,1.028,0.439,8,11,19,59.8371,30.5010,59.9324,30.3467,13.651,15.639,14.925
32,9,1.072,1.074,8,11,19,59.8512,30.1928,59.9609,30.2992,13.571,17.078,17.377
71,49,0.931,0.803,12,8,20,59.8446,30.2772,59.9078,30.4834,13.481,28.096,17.164
36,11,0.737,0.513,10,9,19,59.8304,30.1618,59.9884,30.2999,19.189,23.613,23.397
32,9,1.203,1.465,9,5,14,59.8434,30.3131,59.9508,30.2981,11.975,13.291,13.895
42,19,1.721,0.755,7,8,15,60.0110,30.4126,60.0326,30.2581,8.912,12.106,11.975
29,7,0.701,1.589,10,9,19,60.0163,30.4054,59.9056,30.3189,13.216,16.037,15.434
55,34,1.364,1.174,7,7,14,59.9485,30.5608,59.9865,30.2905,15.628,20.738,21.069
45,20,1.648,0.605,12,12,0,60.0396,30.3355,59.9420,30.2817,11.249,14.626,13.440
33,10,0.818,1.495,14,9,23,59.8365,30.3798,59.9882,30.2966,17.490,20.217,19.648
67,33,1.394,0.824,11,7,18,59.9149,30.4554,59.8802,30.9872,29.910,38.842,38.081
21,2,0.660,2.839,10,7,17,60.0490,30.3308,59.9009,30.2722,16.794,19.233,19.892
60,29,1.233,0.954,9,8,17,59.8637,30.4550,59.9388,30.2320,14.979,18.709,18.539
44,24,1.553,0.847,9,6,15,59.9860,30.2951,59.8526,30.3548,15.202,17.335,18.747
37,13,0.741,0.971,10,9,19,59.9260,30.3351,59.9476,30.5820,13.965,15.936,15.627
59,27,1.113,0.859,8,7,15,60.0309,30.2345,59.9332,30.3600,12.917,15.158,15.276
34,11,1.594,1.401,8,11,19,59.8364,30.3941,60.0704,30.3310,26.255,42.451,41.940
32,8,0.585,0.918,14,7,21,59.8392,30.3493,59.9939,30.4318,17.809,38.077,34.703
34,10,1.409,0.861,9,9,18,60.0785,30.3243,59.9131,30.3176,18.402,20.788,21.386
45,19,1.032,0.678,15,5,20,59.9719,30.4032,60.0539,30.3773,9.231,11.769,13.517
46,22,1.307,0.929,9,10,19,59.9627,30.3245,59.9500,30.4957,9.637,11.358,11.564
44,18,1.323,1.005,10,9,19,59.9475,30.2503,60.0566,30.3693,13.817,18.236,19.339
26,4,0.457,1.059,10,7,17,59.9291,30.4595,60.0329,30.2599,16.021,21.914,21.791
44,20,0.982,0.811,8,5,13,59.8578,30.1867,59.9261,30.3885,13.575,16.823,16.901
42,17,1.974,1.095,11,6,17,59.9534,30.4895,59.9461,30.2340,14.249,17.508,16.966
47,23,0.885,0.923,7,8,15,59.9060,30.4595,60.0502,30.3528,17.092,29.771,32.053
30,7,1.009,1.733,7,5,12,59.8508,30.3317,59.7186,30.4099,15.340,17.012,16.912
68,41,0.825,0.747,10,12,22,59.8730,30.3709,60.0140,30.3309,15.836,18.262,18.177
48,26,1.280,1.035,8,4,12,59.8300,30.0855,59.9085,30.2998,14.809,23.913,23.009
61,29,1.082,0.650,9,10,19,59.9183,30.3198,59.8355,30.3409,9.283,10.061,9.984
47,19,1.004,1.266,11,7,18,60.0530,30.3670,59.9279,30.3199,14.155,16.523,16.872
89,33,1.068,0.594,10,9,19,59.9904,30.6476,60.0357,30.4120,14.028,23.909,32.231
74,43,0.840,0.825,8,8,16,59.8580,30.2339,59.9383,30.4138,13.431,16.378,16.891
60,34,1.225,0.570,10,9,19,59.9306,30.2914,59.8976,30.4212,8.114,11.015,10.683
37,15,0.970,1.215,10,6,16,60.0282,30.3715,59.9276,30.3062,11.760,14.748,14.641
70,26,1.354,0.991,10,5,15,59.7734,30.1456,59.9349,30.2862,19.595,24.826,25.420
22,2,0.735,2.189,9,9,18,60.0485,30.3877,59.9432,30.3562,11.847,14.578,13.695
27,5,0.865,1.232,10,12,22,60.1076,30.4971,60.0434,30.3383,11.339,15.424,15.802
39,14,1.399,0.797,12,5,17,59.8937,30.2662,60.0345,30.2828,15.678,20.318,19.698
79,43,0.848,0.418,8,6,14,60.0402,30.4057,59.9327,30.3558,12.271,15.387,14.706
42,19,1.090,1.090,10,9,19,59.8799,30.4626,59.9379,30.2603,12.991,16.361,15.979
38,15,1.119,0.817,13,7,20,59.9415,30.3423,59.8980,30.4216,6.554,7.950,8.194
39,17,1.198,1.100,9,8,17,59.9424,30.3880,59.8615,30.2347,12.401,14.319,14.875
24,3,0.847,2.177,8,7,15,59.8591,30.1968,59.9293,30.3482,11.499,14.812,13.724
36,12,1.005,0.935,9,10,19,60.0900,29.9535,60.0732,30.3681,23.070,33.943,34.283
49,23,1.524,0.683,7,7,14,60.0051,30.2468,60.1115,30.4888,17.892,33.018,33.562
55,31,0.898,0.736,10,11,21,59.8407,30.2080,59.7245,30.0551,15.503,16.404,16.357
52,28,1.112,0.649,11,9,20,60.0564,30.4695,59.9337,30.3133,16.167,19.614,20.763
18,0,0.479,3.320,7,8,15,59.8257,30.1587,60.0162,30.2299,21.544,30.120,29.796
58,29,1.246,1.017,10,8,18,59.8629,30.3141,59.9533,30.4242,11.782,14.268,14.119
62,39,1.344,0.663,9,8,17,59.8552,30.3827,59.9374,30.2870,10.586,12.994,13.650
45,23,1.504,1.114,9,9,18,59.9195,30.4849,59.9979,30.3360,12.028,15.353,15.129
19,1,0.600,3.360,13,6,19,60.0330,30.3512,59.8881,30.4172,16.519,20.671,20.622
43,18,0.804,1.053,9,10,19,59.9159,30.3564,60.0339,30.4158,13.534,16.613,16.868
36,16,2.024,0.481,10,6,16,59.7253,30.3995,59.9312,30.3589,23.007,24.012,24.040
47,24,1.232,0.612,9,9,18,60.0063,30.4334,59.8987,30.5127,12.760,21.762,21.581
84,35,1.075,0.565,8,9,17,59.8525,30.3696,59.8804,30.9897,34.751,41.912,41.489
37,12,1.415,1.252,13,11,0,60.0527,30.3600,59.9384,30.2882,13.321,16.512,16.220
25,3,0.881,1.018,10,12,22,60.0753,30.3184,59.8642,30.4079,23.992,38.765,39.484
63,29,1.956,0.938,8,4,12,59.9327,30.2982,59.8802,30.3867,7.643,10.846,11.178
66,39,1.253,0.850,10,6,16,59.9947,30.3136,59.8636,30.4077,15.493,19.453,18.891
63,40,1.693,0.857,9,7,16,59.8551,30.2966,60.0087,30.3564,17.408,22.100,20.032
44,25,1.821,0.870,8,12,20,59.9632,30.4314,60.0164,30.2300,12.666,14.667,14.846
34,9,1.221,1.109,9,8,17,59.8607,30.1988,59.9892,30.2559,14.636,22.477,22.346
75,38,0.983,0.626,8,8,16,59.7199,30.0845,59.9526,30.3015,28.576,33.000,34.453
27,5,0.633,1.707,8,7,15,59.8492,30.4149,59.5702,30.1244,35.037,41.007,43.013
29,6,0.871,1.215,8,6,14,59.9643,30.2908,59.8293,30.2924,15.012,16.936,17.062
72,39,1.331,0.501,9,7,16,60.0334,30.3852,59.8513,30.3143,20.629,23.577,23.080
53,30,1.547,0.751,10,10,20,60.0263,30.6338,59.9594,30.3048,19.752,23.918,23.639
22,2,0.465,1.646,9,7,16,59.8357,30.3879,59.9953,30.1991,20.628,26.848,26.664
78,53,1.044,0.838,18,8,2,59.8409,30.4167,59.9722,30.3451,15.141,17.033,17.160
55,30,1.066,1.158,11,6,17,59.8357,30.4102,59.9231,30.2951,11.656,14.554,14.325
28,6,1.061,1.651,8,10,18,60.0328,30.3415,59.9044,30.2171,15.867,21.097,21.698
47,17,1.166,0.455,8,8,16,59.9981,30.2130,59.8947,30.3243,13.061,18.467,18.511
28,6,1.190,1.533,10,12,22,59.9975,30.2126,60.0118,30.3259,6.500,8.854,8.938
58,33,1.457,1.119,11,11,22,59.9500,30.5600,59.9393,30.2829,15.474,17.804,18.222
41,14,0.879,1.068,9,8,17,60.0227,30.3983,59.9347,30.3043,11.097,13.895,14.348
49,29,0.651,0.766,8,6,14,59.8483,30.2029,59.9424,30.2833,11.385,13.572,14.133
52,30,0.787,0.965,11,9,20,59.8582,30.4761,60.0119,30.3253,19.040,31.618,31.671
18,1,0.614,2.689,7,6,13,59.8720,30.3240,60.0083,30.3538,15.246,17.383,17.535
54,32,1.270,0.811,8,11,19,60.0136,30.2487,59.7280,30.0844,33.056,42.155,41.729
52,27,1.035,0.712,8,8,16,59.8088,30.3704,60.0176,30.3215,23.381,41.401,42.249
45,15,1.236,0.824,10,5,15,59.9994,30.2498,59.7182,30.4000,32.363,42.136,42.454
48,28,1.607,0.977,19,5,0,60.0268,30.6326,59.9373,30.3240,19.843,23.290,22.749
30,7,1.103,1.670,9,12,21,59.7495,30.5787,59.9431,30.3556,24.868,29.275,32.111
49,24,1.519,0.975,11,9,20,59.9509,30.2293,60.0354,30.4227,14.279,17.901,18.875
28,7,1.136,1.689,11,8,19,59.9891,30.6497,59.9863,30.3004,19.428,27.352,33.864
75,39,1.410,0.771,12,10,22,59.8495,30.3917,59.9887,30.3330,15.828,17.510,17.841
19,1,0.536,2.533,10,6,16,60.0562,30.3205,59.9316,30.3063,13.879,16.553,16.442
67,38,1.168,0.500,8,8,16,59.8371,30.4965,59.9299,30.2988,15.111,18.727,17.865
45,21,1.226,1.409,19,9,4,59.7218,30.4223,59.8588,30.3276,16.124,18.068,17.833
32,9,1.432,0.802,9,10,19,59.9841,30.3348,59.7430,30.0764,30.447,36.266,35.626
22,2,0.626,1.892,11,10,21,59.7365,30.3998,59.8535,30.3317,13.551,15.170,15.151
62,31,1.166,0.437,11,7,18,59.8712,29.8675,60.0693,30.3349,34.082,69.453,70.937
53,29,1.571,1.125,10,5,15,59.8349,30.3507,59.9550,30.3593,13.363,15.089,15.132
68,35,0.894,0.741,11,9,20,60.0136,30.2830,60.1077,30.4899,15.527,20.902,20.586
32,9,1.558,1.324,10,10,20,59.8361,30.3984,59.8531,30.1881,11.898,14.196,13.724
63,16,0.977,0.990,8,7,15,59.9630,30.3250,59.9236,30.3061,4.506,5.775,5.803
45,18,1.375,1.209,9,7,16,60.0464,30.3856,59.9306,30.3334,13.203,15.475,15.312
25,4,0.492,1.385,9,8,17,59.8996,29.8147,59.9991,29.7726,11.313,29.631,30.809
65,33,1.959,0.928,9,7,16,59.7802,30.1042,59.8728,30.3827,18.663,23.961,24.132
33,11,0.764,0.702,9,7,16,59.8493,30.2636,59.9595,30.3573,13.322,16.193,15.667
40,14,1.175,0.919,11,8,19,59.8272,30.1621,60.0297,30.3222,24.228,28.914,29.842
32,11,0.966,0.694,8,12,20,59.8360,30.5018,59.9504,30.3712,14.666,16.407,16.906
68,35,1.032,0.547,14,8,22,60.0014,30.3545,59.8339,30.2219,20.031,25.374,26.135
77,28,0.725,0.665,18,4,22,60.0247,30.6372,60.0400,30.3260,17.368,26.500,30.945
20,1,0.643,3.021,12,10,22,59.8547,30.2380,60.0109,30.3571,18.597,21.778,22.090
35,12,1.301,1.469,7,8,15,59.8729,30.4387,59.9985,30.3717,14.457,25.985,18.611
70,36,1.742,0.807,8,8,16,59.8406,30.4905,59.9226,30.2835,14.716,30.946,27.852
70,47,0.854,0.645,9,7,16,60.0122,30.2456,59.9236,30.3731,12.140,15.009,14.519
38,14,1.082,0.710,9,9,18,59.8495,30.1827,60.0285,30.4166,23.789,27.682,28.026
82,39,1.325,0.841,10,8,18,59.7416,30.5903,59.8483,30.3885,16.379,19.864,19.649
33,11,1.100,0.830,10,10,20,59.9064,29.7655,59.8499,30.3039,30.694,44.515,43.454
19,1,0.554,1.987,8,10,18,59.8708,30.4037,60.0073,30.2655,17.014,21.517,21.014
64,34,1.744,0.937,8,7,15,59.8327,30.3134,59.9651,30.3152,14.723,18.740,16.873
55,29,1.046,0.941,11,9,20,59.9149,30.4804,60.0357,30.4198,13.847,23.407,23.506
33,10,1.234,0.906,12,9,21,59.9144,30.4972,59.9416,30.2750,12.744,15.202,15.929
42,21,0.963,0.791,11,5,16,60.0315,30.3238,59.9224,30.3623,12.321,14.317,13.525
63,34,1.114,0.957,10,7,17,59.9379,30.4926,59.9687,30.2855,12.030,15.460,15.473
68,33,0.926,0.605,11,10,21,60.0449,30.4169,59.9323,30.3469,13.120,15.245,15.300
55,24,1.240,1.076,9,7,16,59.8278,30.2268,59.9502,30.2973,14.169,16.705,18.664
40,17,1.344,1.125,8,8,16,59.8743,30.3802,59.9952,30.3298,13.727,16.257,17.009
30,8,1.045,0.946,7,9,16,59.9462,30.3607,60.0070,30.1222,14.890,17.540,17.886
33,10,0.234,1.354,11,6,17,60.0098,30.2565,59.8549,30.3303,17.709,20.874,21.308
47,23,1.035,0.967,9,10,19,59.8575,30.1818,59.9988,30.2582,16.274,24.893,24.700
36,13,1.036,1.155,9,7,16,59.9066,30.2490,59.9320,30.3763,7.634,9.144,8.928
41,20,1.399,0.978,8,8,16,59.9403,30.4828,60.0530,30.3616,14.227,24.280,23.639
47,19,1.545,0.924,11,6,17,59.9351,30.2471,60.0589,30.3677,15.314,19.704,20.290
35,11,0.705,1.137,15,9,0,59.8564,30.3849,59.9888,30.2977,15.500,18.336,17.893
27,5,1.038,1.621,9,10,19,60.0169,30.2303,59.9847,30.2691,4.182,5.181,5.163
51,21,1.543,1.241,8,8,16,60.0441,30.3483,59.9487,30.5832,16.826,24.004,23.229
49,23,1.216,0.786,15,10,1,59.8367,30.4038,60.1081,30.4957,30.608,43.221,43.169
37,14,1.580,0.681,8,9,17,60.0147,30.3218,60.0012,30.3894,4.049,4.959,5.297
34,9,1.096,0.964,10,9,19,59.7449,30.4842,59.8846,30.3624,16.960,22.232,21.700
28,5,1.020,1.493,10,8,18,59.8568,30.3051,59.7871,30.1461,11.787,15.369,15.235
50,27,0.678,0.838,8,8,16,59.7339,30.6111,60.0229,30.3255,35.869,50.749,52.662
51,23,1.141,0.568,9,12,21,59.7384,30.5816,59.8517,30.3546,17.893,24.145,22.451
20,2,0.710,2.298,9,8,17,59.7248,30.4161,59.8982,30.4200,19.282,26.112,26.082
33,9,1.188,1.318,10,8,18,59.9381,30.4910,59.9414,30.2812,11.690,14.417,14.007
48,23,1.219,0.785,16,8,0,60.1802,30.3256,59.9629,30.4645,25.364,32.371,31.381
58,28,1.349,0.986,11,5,16,60.0380,30.3948,59.9363,30.3608,11.470,13.621,14.133
40,16,1.374,0.921,7,8,15,60.0535,30.3505,59.9515,30.2942,11.766,13.722,13.595
23,3,0.955,1.959,8,6,14,59.8346,30.1810,59.8542,30.3594,10.201,11.638,11.150
45,22,0.942,1.198,16,10,2,59.8504,30.3142,59.9955,30.4302,17.380,22.354,20.428
29,7,0.939,1.323,9,8,17,59.8588,30.3051,59.9309,30.3556,8.496,9.497,9.694
34,10,1.510,0.989,9,9,18,60.0477,30.3277,59.9289,30.2458,13.972,17.154,16.629
37,15,1.174,0.772,10,4,14,59.8534,30.2991,59.9942,30.4322,17.326,23.563,21.446
27,6,0.954,1.520,10,10,20,59.8604,30.1941,59.9845,30.2662,14.377,22.479,22.121
44,18,0.801,0.961,7,7,14,59.8601,30.2403,59.9972,30.3359,16.148,19.086,19.797
36,12,1.231,1.311,12,7,19,59.7294,30.4135,59.9471,30.3042,24.966,31.693,32.452
57,28,1.367,0.496,9,11,20,59.8312,30.2097,59.9407,30.3527,14.556,19.345,18.773
32,10,0.774,1.518,15,5,20,60.0452,30.3207,59.9213,30.4736,16.190,28.858,19.399
36,14,1.394,0.721,8,11,19,59.8499,30.2582,59.9716,30.3669,14.824,17.658,17.942
48,25,0.973,0.943,9,8,17,59.8551,30.2244,59.9700,30.2911,13.304,16.682,16.228
36,13,1.136,1.129,9,12,21,59.9988,30.2160,59.8945,30.3593,14.075,20.822,19.664
54,33,1.595,1.134,7,8,15,59.9656,30.3050,59.9227,30.4949,11.598,15.310,15.235
55,32,1.880,1.021,8,8,16,59.8410,30.4892,59.8895,30.3842,7.966,10.338,10.300
53,27,1.422,0.601,11,6,17,60.0182,30.2426,59.9140,30.3262,12.485,15.612,15.386
51,25,1.678,0.691,8,11,19,60.0406,30.3545,60.0688,30.3912,3.738,5.405,4.588
44,20,0.904,1.092,15,10,1,59.9171,30.4570,60.0397,30.3290,15.382,19.306,29.350
28,6,0.834,1.254,7,9,16,59.9739,31.0440,59.9283,30.3866,36.950,45.440,45.819
23,3,0.706,1.299,9,7,16,60.0355,30.2957,59.9381,30.3122,10.876,13.005,13.252
75,34,0.967,0.637,9,8,17,59.8308,30.1728,59.5663,30.1203,29.557,33.454,33.604
68,23,1.288,0.708,7,6,13,60.0315,30.4055,59.9403,30.2828,12.227,15.188,15.018
20,2,0.668,2.827,9,5,14,59.8454,30.3947,59.9135,30.3112,8.890,11.204,11.535
24,3,0.671,1.678,9,8,17,59.8418,30.3804,59.9980,30.3761,17.373,21.133,21.498
33,9,1.291,1.378,9,9,18,60.0559,30.3291,59.9014,30.2771,17.419,20.242,20.489
20,1,0.690,2.833,11,8,19,59.9241,30.4958,60.0014,30.2963,14.045,18.009,18.393
41,16,0.532,1.068,7,7,14,59.9906,30.2012,59.8400,30.1614,16.894,28.900,29.275
59,33,0.837,0.817,10,8,18,59.9419,30.2391,59.8534,30.3321,11.124,15.227,14.953
67,34,1.071,0.667,11,10,21,59.8535,30.2069,59.9215,30.4744,16.725,32.196,32.315
30,7,0.796,1.491,11,10,21,59.8470,30.3933,59.8722,30.3370,4.218,5.916,6.249
74,35,1.317,0.589,9,9,18,59.8362,30.3796,59.9300,30.2456,12.833,17.981,17.995
35,13,1.292,1.122,10,8,18,59.9906,30.1980,59.9343,30.3285,9.585,13.339,13.217
26,4,0.959,1.568,17,6,23,59.9734,30.3907,60.0007,30.3380,4.217,5.914,5.488
27,5,1.184,1.446,8,11,19,59.8820,30.4872,59.9381,30.2911,12.586,15.542,16.030
45,19,1.338,1.276,12,6,18,59.8507,30.3742,59.9991,30.3372,16.633,18.951,19.543
20,1,0.576,2.944,9,8,17,59.8655,30.4472,59.9341,30.2507,13.350,17.318,16.961
53,27,1.604,0.656,11,9,20,59.8677,30.3895,60.0019,30.3457,15.124,18.163,18.996
34,11,1.334,1.187,10,10,20,59.9167,30.4827,60.0214,30.6459,14.762,19.052,19.373
31,10,1.486,1.264,12,7,19,59.9912,29.7838,60.2590,29.5981,31.509,73.298,62.856
49,19,1.655,0.903,9,8,17,59.7489,30.5653,60.0001,30.3409,30.616,44.528,46.323
48,18,1.197,0.770,9,8,17,60.0292,30.3982,59.9360,30.3347,10.948,13.133,13.617
43,18,1.333,0.760,11,7,18,59.7037,30.7918,59.8967,30.4122,30.192,34.701,34.593
82,45,1.760,0.761,9,6,15,59.8793,30.4327,59.8770,29.9242,28.381,44.586,50.790
48,20,1.225,1.044,7,11,18,59.8320,30.4240,59.9362,30.3549,12.209,13.645,14.357
33,11,1.428,0.894,8,9,17,60.0339,30.3774,59.8854,30.2639,17.678,21.979,22.586
44,21,1.192,0.957,14,8,22,59.8381,30.4027,59.9377,30.2600,13.642,17.603,17.347
24,3,0.624,2.089,8,9,17,59.9440,30.4802,59.9365,30.2890,10.681,12.370,12.733
37,14,1.501,1.161,9,7,16,60.0425,30.4128,59.9137,30.5094,15.293,23.390,21.928
42,17,1.523,1.463,10,11,21,60.0497,30.3183,59.9255,30.3193,13.811,16.511,15.756
64,31,0.999,0.617,9,4,13,59.8512,30.0216,59.8518,30.2839,14.649,15.305,23.354
48,25,1.058,1.050,9,9,18,59.8580,30.1731,60.0006,30.2540,16.485,25.798,25.667
36,10,1.257,0.853,10,9,19,59.9315,30.4601,59.8497,30.3006,12.727,17.885,17.775
20,1,0.693,2.196,8,8,16,59.8395,30.4974,59.7197,30.3974,14.456,23.331,21.857
53,23,1.126,1.108,15,7,22,59.9227,30.4473,60.0270,30.3176,13.666,18.204,18.575
37,12,1.361,0.886,8,10,18,59.7726,30.7977,60.0132,30.2786,39.419,55.019,55.515
46,22,1.358,0.768,7,11,18,59.9958,30.2127,59.9640,30.4533,13.841,16.912,16.509
37,13,1.309,1.015,11,6,17,59.9881,30.2973,59.8413,30.2532,16.500,21.892,21.758
46,24,1.172,0.996,10,7,17,59.8298,30.5174,59.9336,30.3570,14.601,16.409,16.592
47,27,1.696,0.720,8,8,16,60.0354,30.3980,59.9448,30.3601,10.294,12.294,12.538
55,38,1.746,1.252,9,5,14,59.9326,30.2486,60.0613,30.3774,16.001,19.840,20.529
25,3,0.906,1.589,8,9,17,59.9846,30.2144,60.0922,30.1851,12.077,20.487,21.375
76,37,1.290,0.723,7,9,16,59.8473,30.1975,59.8711,30.3126,6.947,8.651,8.679
33,11,1.307,0.842,11,10,21,59.9380,30.4902,59.8429,30.2488,17.126,32.389,33.551
40,18,0.924,0.777,9,5,14,59.8318,30.1417,59.9174,30.3090,13.335,15.560,15.780
42,19,1.527,0.691,10,9,19,60.0195,30.3998,59.8529,30.3359,18.864,21.332,22.030
51,27,0.850,1.102,11,6,17,59.8519,30.1909,59.9067,30.2776,7.787,9.380,9.367
67,33,1.152,0.827,7,6,13,59.9546,30.3030,59.8678,30.2676,9.850,12.125,12.146
54,28,1.130,0.992,10,5,15,59.8702,30.4377,60.0079,30.2947,17.251,20.170,20.066
65,50,1.083,0.584,8,7,15,59.8347,30.5117,59.9478,30.3535,15.358,17.177,17.428
57,33,1.001,0.604,9,6,15,59.8328,30.1379,59.9339,30.3095,14.766,17.726,17.482
35,12,1.290,1.140,8,8,16,59.7232,30.4084,59.9936,30.4346,30.109,44.007,43.254
44,22,1.228,1.075,9,4,13,59.8613,30.3156,59.8423,30.2525,4.107,5.671,5.616
31,8,1.167,1.182,9,6,15,59.8587,30.3709,60.0145,30.3216,17.541,19.290,19.427
24,3,0.561,1.476,16,10,2,60.1445,30.2129,60.0699,30.3944,13.032,18.923,17.625
68,36,1.214,0.627,10,12,22,59.8450,30.2594,59.8982,30.5134,15.365,26.410,25.826
23,2,0.333,1.828,9,6,15,59.9112,30.4599,60.0260,30.3247,14.814,18.218,20.016
80,39,1.344,1.023,8,8,16,59.8420,30.3944,59.9673,30.3196,14.540,17.495,17.248
44,15,1.883,1.118,9,7,16,59.8268,30.1626,59.8686,30.2632,7.287,9.087,9.002
73,35,1.264,0.756,7,8,15,59.8271,30.2003,59.9016,30.6845,28.273,36.076,36.345
55,29,1.056,0.842,7,9,16,59.9470,30.2251,59.8531,30.0318,15.007,36.031,36.348
25,4,0.889,1.925,8,8,16,59.9499,30.4974,59.8353,30.3534,15.064,26.743,27.341
30,8,0.968,1.088,10,11,21,59.8329,30.1711,59.9336,30.3576,15.281,16.863,18.143
22,2,0.595,2.161,9,10,19,59.7416,30.5741,59.8560,30.3971,16.120,19.136,19.517
43,21,1.148,0.695,10,6,16,59.8578,30.1882,59.9859,30.3477,16.784,20.367,20.504
21,2,0.612,1.762,10,6,16,59.9933,30.6487,59.9731,30.3317,17.779,28.610,25.623
65,31,1.029,0.764,9,8,17,60.0072,30.2279,60.0003,30.3304,5.754,6.490,6.683
23,2,0.681,1.689,9,7,16,59.8278,30.4022,59.9586,30.3017,15.591,17.829,18.400
29,6,0.636,1.207,9,5,14,59.7417,30.5638,59.9764,30.4351,27.067,38.669,39.806
50,25,1.298,0.898,8,8,16,60.0419,30.4253,60.0173,30.3152,6.702,9.142,9.132
46,21,1.735,0.943,7,9,16,60.0125,30.2496,59.8773,29.9242,23.541,67.335,66.730
37,15,1.201,1.347,9,7,16,60.0156,30.4144,59.9089,30.2935,13.644,16.726,17.034
32,9,1.381,0.930,10,9,19,59.8279,30.2238,59.8979,30.4169,13.295,20.265,25.663
33,10,0.892,1.126,9,9,18,59.8679,30.4126,59.8316,30.1524,15.082,20.868,16.973
32,9,0.918,1.521,8,7,15,59.8827,30.4693,59.9364,30.2528,13.463,16.255,16.526
43,25,1.505,0.647,7,9,16,59.8587,30.3776,59.5699,30.1285,35.021,40.273,40.546
29,8,0.981,1.382,9,5,14,59.9021,30.4800,59.9216,30.3070,9.886,12.777,12.977
42,14,1.003,0.970,9,8,17,59.8806,30.4583,60.0064,30.4456,14.000,23.209,23.315
55,31,1.121,0.519,8,8,16,60.0576,30.3191,59.9306,30.2560,14.549,18.260,17.830
63,28,1.456,0.910,9,12,21,59.8369,30.5162,60.0162,30.3334,22.395,33.500,33.128
39,15,1.548,1.274,8,7,15,59.8419,30.1300,59.9339,30.3439,15.710,18.900,18.260
35,13,1.295,1.136,9,9,18,60.0404,30.3281,59.8708,30.3397,18.873,21.280,20.447
33,10,1.253,1.030,10,10,20,60.0411,30.3384,59.9419,30.2753,11.575,14.576,14.051
26,4,0.922,1.456,11,4,15,59.9882,29.7929,60.0057,30.2622,26.170,40.981,42.216
30,7,1.294,1.155,9,9,18,59.8685,30.3647,60.0095,30.3267,15.824,17.499,17.881
35,12,1.552,1.014,11,7,18,60.0553,30.4650,59.9315,30.2965,16.648,20.238,21.071
35,11,1.259,1.200,8,8,16,60.0731,30.3279,59.9383,30.3538,15.063,17.160,16.677
42,17,1.307,0.909,9,5,14,59.8948,30.4853,59.9894,30.3355,13.429,15.909,15.924
65,32,1.185,0.999,9,8,17,59.9303,30.4661,59.9261,30.2536,11.847,15.372,15.890
67,35,1.258,0.872,11,5,16,59.8284,30.1499,59.9239,30.3114,13.929,16.085,16.187
41,18,0.688,0.849,9,5,14,59.8423,30.3959,59.7834,30.6301,14.641,20.543,20.903
37,16,1.264,1.332,10,8,18,60.0237,30.2951,59.8643,30.4080,18.804,22.877,22.330
60,39,1.521,0.920,10,8,18,60.0050,30.2207,59.9319,30.3147,9.666,14.365,14.199
46,25,1.472,1.075,11,8,19,60.0255,30.2256,60.0677,30.3368,7.763,12.642,12.011
38,19,1.436,1.031,8,7,15,59.8037,30.3770,59.9367,30.2729,15.885,22.837,22.814
29,6,0.875,1.161,7,7,14,59.8320,30.3953,59.9412,30.2777,13.802,16.596,16.955
69,33,0.783,0.749,13,6,19,59.8057,30.3778,59.9400,30.2633,16.241,24.261,23.983
37,17,1.631,0.633,9,7,16,59.8734,30.4692,59.9321,30.2970,11.611,14.619,14.424
44,25,1.110,1.010,7,6,13,59.9728,30.3874,59.8639,30.3334,12.471,14.468,14.433
68,46,1.022,0.414,9,9,18,59.9243,30.4234,60.0398,30.3227,14.013,16.758,16.574
62,26,0.894,1.172,9,11,20,59.9973,30.2063,59.8965,30.4175,16.247,20.003,20.824
42,16,0.907,0.878,8,10,18,59.8535,30.4710,59.9494,30.3980,11.412,13.197,12.503
33,11,1.132,1.019,8,11,19,59.8709,30.3606,60.0150,30.3930,16.118,18.979,19.365
18,0,0.596,2.201,13,7,20,59.9834,30.2195,59.8973,30.4197,14.698,18.947,19.964
39,17,1.170,0.633,8,10,18,59.8491,30.2787,59.5645,30.1355,32.655,37.956,37.893
22,2,0.750,2.746,9,11,20,59.9546,30.3010,59.8491,30.3250,11.801,13.360,13.269
41,14,1.336,1.025,9,6,15,59.8266,30.1632,59.9666,30.3153,17.734,21.159,21.335
29,7,0.946,1.145,9,8,17,59.9381,30.4689,59.9451,30.3037,9.233,10.674,12.174
21,2,0.899,2.499,8,8,16,59.8936,30.4908,59.9390,30.2864,12.461,14.938,15.266
